ID,stars,goods,views,forks
101999983,1,1,1,520
101999981,0,0,15,1
101999979,13,13,47,1
101999978,6,6,4,1
101999971,2,4,17,50
101999950,0,0,17,1
101999946,0,0,1,22
101999943,2,2,7,116
101999940,0,0,4,1
101999935,1,1,2,25
101999913,1,1,5,1
101999909,0,0,7,1
101999908,1,1,3,1
101999898,0,0,2,1
101999888,0,1,2,1
101999877,0,0,2,1
101999876,1,2,3,1
101999865,0,0,1,60276
101999861,0,0,2,56502
101999857,0,0,1,1
101999853,0,0,1,1
101999847,0,0,20,1
101999846,3,4,62,589
101999843,0,0,1,1
101999839,0,0,1,1
101999837,0,1,2,286
101999835,0,0,5,478
101999829,2,2,5,20
101999812,1,1,8,463
101999810,2,2,12,1
101999804,0,0,2,1
101999802,1,1,3,1
101999801,1,3,6,1
101999796,1,0,2,7617
101999794,0,0,3,1
101999793,1,1,6,470
101999787,0,0,2,3
101999783,0,0,1,1
101999781,0,0,6,1
101999779,1,1,86,6
101999769,0,0,1,8693
101999759,0,0,1,1
101999748,0,0,2,1
101999745,0,0,3,2
101999741,1,1,14,1
101999733,3,4,2002,77
101999727,2,2,4,10
101999726,0,0,1,1
101999716,0,0,4,1
101999714,2,2,20,1
101999702,0,0,2,1
101999699,1,1,7,1
101999697,1,1,20,2
101999693,2,3,26,1
101999687,0,0,4,1
101999684,4,4,49,2
101999669,0,0,2,1
101999662,0,0,1,1
101999659,0,0,3,1
101999655,0,0,30,1
101999653,0,0,2,1
101999644,0,0,1,1
101999631,2,2,6,12
101999630,1,1,11,45
101999629,0,0,2,1
101999627,4,4,98,15
101999616,2,3,14,1
101999610,3,5,26,478
101999609,0,0,25,2
101999597,0,0,2,1
101999589,0,0,1,1
101999585,2,2,19,7
101999584,0,0,2,1
101999561,0,0,3,1
101999554,0,0,3,1
101999537,0,0,6,3
101999532,0,1,1,1
101999530,0,0,2,20
101999528,0,0,2,1
101999524,0,0,4,1
101999516,0,0,1,135
101999508,0,0,12,13
101999506,0,0,1,1
101999501,3,2,34,1
101999493,0,0,1,1
101999491,0,0,2,1
101999481,1,2,1,286
101999470,0,0,1,1
101999467,1,2,17,1
101999458,1,2,3,1
101999457,4,4,27,1
101999445,0,0,2,1
101999444,0,0,1,1
101999441,0,0,1,1
101999440,0,0,1,1
101999439,2,3,13,478
101999436,0,0,2,1
101999426,0,0,9,1
101999423,2,2,22,745
101999414,1,1,16,1
101999407,0,0,1,1
101999404,0,0,1,10155
101999403,1,0,22,8483
101999398,0,0,1,1
101999387,0,0,2,1
101999386,1,1,4,1
101999357,1,1,36,4
101999356,0,1,7,4
101999353,0,1,1,1
101999352,0,0,1,24745
101999348,1,2,2,286
101999343,24,27,348,1
101999338,0,0,28,11
101999337,1,1,10,1
101999335,0,0,1,1
101999330,0,0,1,1
101999322,0,0,1,1
101999315,0,0,1,186
101999310,0,0,1,1
101999277,0,0,2,1
101999275,2,3,11,62
101999273,2,2,21,1
101999270,0,0,3,1
101999259,3,3,4,1
101999255,0,0,5,1
101999244,0,0,2,200
101999229,2,2,7,1
101999225,0,0,3,1
101999220,0,0,1,1
101999217,0,1,7,1
101999213,5,5,12,14
101999206,12,12,105,1
101999204,0,0,1,1
101999201,15,20,92,1
101999200,0,0,1,1
101999191,0,0,23,1
101999188,3,5,32,1
101999174,0,0,2,1
101999165,0,1,4,1
101999160,0,0,27,2387
101999155,1,2,7,463
101999145,2,2,22,216
101999142,0,0,2,1
101999132,1,1,4,1
101999122,4,4,53,1
101999120,0,1,3,1
101999116,0,0,9,1
101999113,1,1,11,11
101999107,0,0,3,1
101999094,0,0,1,1
101999088,0,0,3,27
101999080,1,1,1,1
101999066,0,1,7,1
101999056,1,1,1,1
101999054,0,0,10,12
101999032,0,0,1,1
101999023,1,1,11,2
101999015,0,0,12,18
101999008,0,1,6,1
101999003,0,0,4,1
101999000,0,0,1,1
101998998,0,0,1,1
101998989,1,1,6,3726
101998977,0,0,9,39
101998976,0,0,5,1
101998970,0,1,98,4
101998963,0,0,2,1
101998959,0,0,2,1
101998952,0,1,18,1
101998947,128,167,1187,17
101998945,1,1,10,1
101998934,0,0,186,60
101998921,1,1,2,1
101998917,0,0,1,1
101998916,0,0,1,1
101998912,3,3,94,3
101998893,0,0,1,1
101998884,0,0,1,1
101998878,1,2,34,1
101998876,0,0,1,1
101998875,1,0,7,1
101998872,3,4,14,4
101998870,0,0,9,6
101998865,1,1,21,4
101998862,0,0,4,1
101998858,1,1,2,47742
101998853,0,0,2,12
101998842,0,0,1,1
101998833,0,0,7,1
101998823,0,0,4,1
101998820,44,45,1663,9
101998807,0,0,1,28518
101998806,0,1,2,1
101998805,0,0,7,3
101998801,0,0,1,24670
101998794,0,0,2,1410
101998784,1,1,6,1
101998782,0,0,5,567
101998781,56,71,631,10
101998754,0,0,2,1
101998749,0,0,3,1
101998742,5,9,41,268
101998741,0,0,3,1
101998738,0,0,2,1
101998734,0,0,4,39
101998731,0,0,1,1
101998727,0,0,3,363
101998721,0,0,6,235
101998718,0,0,1,116951
101998717,0,0,1,1
101998712,2,2,3,4
101998707,1,1,2,1
101998703,1,1,20,1
101998696,0,0,4,1
101998693,0,0,1,34280
101998689,1,1,5,33
101998688,0,0,1,1
101998687,1,1,3,1
101998685,1,0,5,2
101998679,0,0,2,33
101998676,0,0,9,1
101998670,0,0,2,1
101998667,1,1,23,2
101998663,0,0,2,1
101998659,0,0,1,1
101998652,2,2,38,154
101998650,1,1,7,348
101998647,0,0,2,1
101998644,0,0,3,348
101998630,0,0,1,1
101998623,0,0,2,1
101998619,0,0,3,22
101998618,0,0,10,315
101998616,2,2,18,2
101998610,0,0,4,2
101998609,0,0,1,1
101998607,0,0,1,1
101998599,2,2,243,415
101998595,0,0,1,1
101998593,0,0,1,678
101998588,0,0,7,1
101998582,0,0,1,1
101998551,3,5,19,1
101998546,0,0,3,35
101998542,0,0,2,1
101998540,1,1,6,2
101998533,3,3,8,1
101998532,4,6,217,2
101998524,0,0,1,1
101998519,0,0,1,1
101998512,8,12,155,2
101998502,0,0,1,1
101998497,2,2,25,5
101998488,0,0,1,1
101998487,0,0,14,1
101998485,0,0,1,1
101998483,0,0,5,2
101998479,0,0,8,1
101998461,4,4,20,1
101998460,5,4,174,138
101998438,2,11,63,1
101998424,0,0,7,20
101998404,0,0,1,1
101998402,2,3,53,1
101998399,0,0,14,71
101998392,0,0,8,7
101998380,0,0,3,616
101998367,0,0,1,1
101998363,0,0,15,1
101998357,1,1,1,1
101998356,2,2,75,1
101998350,0,0,10,1
101998338,0,0,2,1
101998332,4,5,183,87
101998330,0,0,4,1
101998325,1,0,137,4
101998312,1,1,11,348
101998304,0,0,5,1
101998302,0,0,1,1
101998295,2,6,33,1
101998293,0,0,1,1
101998290,0,0,5,470
101998285,0,0,2,1
101998282,0,0,3,348
101998277,0,1,6,348
101998260,0,0,9,4818
101998257,1,1,2,1
101998256,1,1,11,1
101998252,0,0,6,1
101998251,2,2,17,17
101998247,1,1,1,439
101998236,0,0,2,1
101998232,1,1,17,1
101998228,0,0,1,22256
101998223,0,0,3,2
101998208,0,0,5,1
101998207,0,0,1,1
101998204,0,0,2,1
101998200,0,1,1,1
101998197,2,3,8,1
101998191,0,0,2,1
101998188,6,6,139,4
101998187,0,0,3,1
101998184,0,0,2,1
101998182,0,2,3,1
101998181,0,0,6,1
101998168,0,0,1,348
101998166,0,0,2,1
101998160,0,0,2,1
101998158,0,0,4,62
101998156,0,0,2,1
101998148,0,0,1,1
101998129,0,0,3,1410
101998128,0,0,1,216
101998117,2,8,22,1
101998109,2,1,28,1
101998095,0,0,3,1
101998088,0,0,2,1
101998074,0,0,1,1
101998071,0,0,1,1
101998070,0,0,1,78366
101998066,0,0,3,1
101998062,0,0,2,3
101998057,0,1,11,1
101998051,0,0,3,1
101998049,1,1,1,1
101998047,0,2,18,249
101998041,0,0,3,1
101998037,0,0,1,78366
101998034,0,0,1,1
101998024,3,3,47,745
101998022,2,2,25,1
101998016,0,0,1,1
101998012,1,1,6,1
101998010,17,20,78,1
101998001,0,0,1,2168
101997984,1,1,18,1
101997980,6,11,91,1
101997979,0,0,10,967
101997976,0,0,5,1
101997967,0,0,3,1
101997960,0,0,4,1
101997943,0,0,8,8
101997942,0,0,7,1
101997937,1,1,1,5
101997932,2,2,12,3
101997930,2,2,7,1
101997927,0,0,1,1
101997922,0,0,4,1
101997912,2,3,27,1
101997897,0,0,5,1
101997868,1,1,3,5
101997867,1,1,10,5
101997859,0,0,1,78366
101997858,1,1,14,4
101997854,2,2,19,3
101997847,0,0,7,348
101997834,0,0,1,1
101997827,0,0,1,1
101997816,1,1,1,1
101997774,0,0,3,1
101997763,0,0,2,1
101997757,0,0,1,1
101997753,0,0,1,1
101997748,1,1,9,1
101997740,0,0,6,1
101997732,18,31,770,4
101997725,0,0,1,1
101997720,1,2,6,1
101997716,0,0,4,15
101997712,0,0,1,1
101997708,0,0,6,1
101997698,1,0,6,1
101997695,0,0,5,2
101997688,13,12,139,43
101997680,0,0,4,1
101997667,0,0,1,1
101997666,0,0,5,2
101997664,0,0,1,1
101997662,2,2,17,1
101997661,0,1,36,930
101997657,0,0,2,34
101997651,0,0,1,1
101997642,0,0,29,390
101997632,0,0,1,1
101997618,0,0,5,1
101997617,0,0,1,8492
101997612,0,0,1,1
101997604,0,0,1,1
101997599,3,3,4,1
101997597,0,0,1,1
101997592,0,0,1,1
101997580,0,0,1,7625
101997572,0,0,1,7625
101997571,0,0,1,1
101997563,0,0,127,1
101997558,0,0,1,820
101997551,1,1,48,1
101997547,0,0,1,1
101997546,1,1,2,1
101997544,6,5,31,807
101997542,2,2,33,2
101997535,0,0,1,1
101997532,0,0,1,1
101997517,0,0,6,328
101997514,1,1,3,37
101997510,2,3,10,1
101997508,1,1,1,2
101997487,0,0,3,1
101997484,0,0,1,1
101997465,0,0,4,1
101997464,0,0,28,14
101997456,0,0,3,1
101997453,0,0,1,1
101997445,1,1,69,29
101997443,0,0,10,1
101997435,0,0,4,1
101997428,1,1,2,1
101997426,0,0,10,1
101997423,1,1,3,1
101997420,0,0,1,1
101997408,0,0,1,1
101997401,2,2,77,10
101997382,0,0,1,1
101997381,2,2,22,2
101997364,0,0,7,1
101997358,0,0,1,1
101997346,0,0,1,1
101997334,0,0,1,1
101997331,1,1,4,1
101997318,0,0,4,1740
101997314,0,0,1,1
101997312,0,0,4,658
101997301,0,0,1,1
101997297,0,0,7,1
101997295,1,1,1,22256
101997293,1,1,3,763
101997292,0,0,6,1
101997285,1,1,5,1
101997284,1,1,61,702
101997282,0,0,1,1
101997281,0,0,21,1
101997276,0,0,10,76
101997274,0,0,1,8215
101997272,0,0,2,1
101997271,0,0,3,1
101997263,0,0,1,1
101997262,2,2,7,30
101997255,0,0,1,1
101997242,0,2,24,1
101997241,0,0,1,1
101997225,0,0,1,1
101997222,0,0,27,1
101997221,0,0,1,1
101997220,1,2,66,1
101997216,0,0,1,1
101997210,0,0,7,39
101997209,0,0,1,1
101997207,0,0,1,1
101997205,0,0,8,1
101997203,3,4,243,50
101997198,0,0,1,1
101997192,0,0,1,1
101997185,1,1,2,1
101997177,0,0,3,1
101997173,0,0,1,1
101997166,2,3,20,286
101997156,0,0,15,22
101997153,2,2,11,1
101997152,0,0,1,1
101997150,0,0,2,1
101997146,0,0,1,1
101997144,0,0,1,1
101997140,0,0,2,1
101997138,15,20,111,2
101997136,0,0,1,1
101997124,3,3,24,1
101997122,0,0,1,1
101997121,0,0,5,1
101997120,38,55,291,2
101997109,0,0,1,1
101997102,0,2,10,1
101997100,0,0,1,1
101997078,0,1,9,2
101997075,0,0,1,1
101997070,0,0,5,3
101997064,1,0,33,1
101997063,167,248,2350,6
101997060,2,2,13,1
101997057,1,1,5,1
101997055,0,0,10,929
101997046,0,0,4,1
101997040,3,3,6,1
101997036,0,0,1,1
101997035,0,0,1,1
101997034,0,0,4,4
101997032,0,0,5,1
101997029,0,0,8,4
101997019,1,2,12,567
101997017,20,28,172,1
101996999,1,1,5,1
101996989,0,0,57,2377
101996988,1,1,2,24
101996987,0,0,3,1
101996984,1,2,15,2713
101996981,0,0,1,1
101996965,0,0,13,1
101996964,0,0,5,1
101996955,0,0,5,1
101996954,2,3,139,4
101996951,0,0,1,1
101996947,1,1,9,4
101996936,0,1,2,1
101996927,0,0,1,1
101996919,0,0,2,1
101996903,0,0,1,1
101996902,0,0,11,3
101996888,1,1,14,8
101996881,2,2,8,380
101996876,0,0,1,1
101996872,0,0,4,1
101996870,1,1,9,1
101996867,6,6,757,1
101996864,2,1,6,1
101996858,0,0,1,1
101996854,0,0,4,1
101996853,0,0,28,1
101996846,0,2,12,153
101996829,1,1,16,1
101996819,0,0,7,1
101996809,0,0,2,133
101996807,0,0,7,1
101996791,0,0,2,1
101996787,0,0,23,1
101996781,0,0,2,5143
101996761,8,10,80,1
101996753,0,0,2,1
101996745,2,2,8,1
101996743,0,0,4,1
101996739,0,1,98,291
101996733,0,0,9,22951
101996730,0,0,5,1
101996729,0,0,2,12127
101996711,0,0,2,105
101996694,2,2,16,7
101996692,1,1,9,6672
101996690,0,0,1,78366
101996689,2,2,9,3
101996673,0,0,4,1410
101996671,0,0,2,1
101996662,0,0,13,3
101996657,0,0,1,1
101996655,0,0,1,1
101996644,11,10,43,32
101996637,0,0,38,1
101996636,3,4,36,1
101996625,0,0,2,1
101996623,1,3,226,6
101996611,1,1,7,1
101996609,0,0,2,9
101996593,1,1,52,938
101996592,1,1,24,3
101996588,0,0,2,1
101996582,1,1,8,1
101996575,0,0,1,1
101996563,0,0,1,1
101996562,0,0,12,1137
101996560,1,1,2,1
101996555,0,2,2,1
101996550,0,0,6,1
101996548,0,0,3,1
101996546,0,0,1,1
101996542,1,0,16,1
101996537,0,0,2,450
101996536,0,0,2,1
101996526,0,0,2,1
101996525,0,0,3,1
101996521,0,0,7,2
101996519,0,0,6,1
101996512,0,0,9,69
101996506,0,0,1,478
101996492,0,0,1,28976
101996484,0,0,2,1
101996459,0,0,3,1
101996457,0,0,3,1
101996455,3,3,32,8
101996452,4,3,107,5
101996437,0,0,1,1
101996430,0,0,1,34280
101996419,1,1,15,1
101996418,0,0,1,1
101996415,0,0,1,1
101996411,0,1,11,2
101996410,0,0,2,1
101996409,2,2,24,1
101996390,0,0,5,1
101996389,2,3,13,43
101996386,2,4,20,4718
101996385,3,3,19,1
101996379,0,0,8,2
101996373,0,0,4,1
101996357,0,0,9,6
101996343,0,0,1,1
101996335,1,1,1,1
101996320,1,1,2,1
101996314,0,2,9,92
101996298,0,0,17,1
101996296,0,0,1,2
101996281,1,1,4,1
101996259,1,1,23,1
101996255,0,0,12,1
101996246,0,0,60,567
101996234,0,0,2,78366
101996231,1,3,9,1
101996226,0,0,4,11889
101996219,0,0,16,10
101996218,0,0,1,34280
101996213,1,0,4,10
101996206,4,5,109,3
101996201,0,0,1,1
101996185,0,0,2,1
101996180,0,0,2,1
101996177,0,1,2,5409
101996171,0,0,2,1
101996158,0,0,2,1
101996150,0,0,4,1
101996139,0,0,2,1
101996131,0,0,1,1
101996112,0,0,1,1
101996103,0,0,5,1
101996101,0,2,24,2
101996098,0,0,3,3
101996097,2,2,6,1
101996094,2,1,1,1
101996084,0,0,1,96222
101996081,0,0,1,1
101996078,1,1,6,1
101996070,0,0,5,1
101996067,0,0,53,1
101996065,0,0,1,1
101996060,1,1,5,1
101996054,0,0,2,1
101996053,2,3,35,1
101996045,0,0,1,50984
101996042,0,0,2,2
101996023,0,0,2,1
101996019,1,1,10,88631
101996016,0,0,6,12
101996008,0,0,18,1
101996005,2,10,64,1
101996004,0,0,4,28976
101995999,0,0,2,1
101995995,0,0,1,1
101995984,0,0,1,1
101995978,0,0,3,1
101995969,0,1,47,1
101995961,0,1,2,1
101995953,0,0,1,1
101995949,0,0,2,39
101995938,2,3,13,1
101995934,0,0,1,96223
101995933,0,0,4,1
101995927,1,1,7,1
101995923,0,0,2,1410
101995919,1,1,6,8
101995913,0,0,2,5850
101995910,0,2,23,1
101995902,1,1,24,1
101995870,0,0,8,1
101995854,19,26,303,4
101995849,1,1,19,1
101995846,0,0,2,12127
101995822,0,0,2,1
101995813,0,0,1,1
101995812,0,0,1,1
101995806,0,0,8,1
101995803,0,0,7,1
101995802,0,0,1,1
101995798,7,6,33,1
101995797,4,11,65,2
101995792,0,0,4,1
101995786,0,0,2,1
101995783,0,0,2,1
101995762,0,0,1,1
101995759,0,0,1,96223
101995754,0,0,28,1
101995746,0,0,19,1
101995745,0,0,1,5279
101995740,4,4,45,1
101995735,0,0,2,1
101995728,1,0,8,1
101995723,0,0,4,39
101995720,1,2,10,1
101995717,0,0,2,28
101995712,0,1,8,27
101995711,0,0,5,3
101995710,1,1,1,1
101995709,0,0,1,1
101995703,0,0,5,204
101995700,0,0,2,1
101995695,0,0,5,348
101995689,3,5,100,70
101995682,0,0,4,10
101995662,1,1,2,1
101995660,10,9,134,8
101995659,0,0,8,1
101995646,1,0,30,1
101995643,0,0,1,12127
101995642,0,0,2,1
101995640,1,1,2,1
101995639,0,0,3,1
101995637,1,2,62,19
101995632,0,0,2,1
101995630,0,1,10,1
101995628,0,0,2,348
101995626,1,1,8,1
101995616,171,210,2525,26
101995610,0,1,3,41
101995607,0,0,3,1
101995606,0,0,1,1
101995605,0,0,2,28978
101995593,0,0,6,2
101995579,1,1,5,1
101995577,0,0,4,1
101995569,0,0,4,1
101995567,0,0,32,3
101995543,0,0,7,12
101995537,1,1,14,1
101995531,1,0,37,42
101995527,1,1,10,1
101995525,0,0,6,3
101995523,0,0,1,1
101995519,0,1,8,6
101995516,1,0,6,1
101995515,0,0,8,32
101995511,7,5,109,977
101995509,5,5,178,1
101995498,0,0,1,1
101995493,0,2,6,348
101995489,1,2,17,3
101995475,2,3,48,1
101995474,1,1,6,348
101995468,0,0,3,1
101995465,10,10,600,2
101995457,0,0,2,22398
101995454,1,5,18,348
101995453,0,0,4,1
101995449,0,0,6,348
101995448,0,0,2,1
101995447,0,0,7,348
101995445,0,0,3,348
101995443,0,0,13,1
101995440,0,0,4,348
101995434,0,1,13,1
101995430,0,0,2,12127
101995423,0,0,1,1
101995415,1,1,7,1
101995414,1,1,2,1
101995405,3,3,12,1
101995401,0,0,4,1
101995397,0,0,1,1
101995389,0,0,2,1
101995388,0,2,19,1
101995366,0,0,1,19247
101995363,0,0,19,126
101995359,0,0,1,1
101995358,0,0,3,12127
101995356,1,0,3,1
101995352,0,0,2,12127
101995350,0,0,2,39
101995346,0,0,4,1
101995333,0,0,1,1
101995327,2,1,14,1
101995326,1,1,6,57
101995314,2,2,148,3
101995309,4,4,27,433
101995304,0,0,2,1
101995302,0,0,1,2603
101995301,0,1,3,1
101995294,0,0,235,1
101995288,1,2,16,3
101995285,0,0,4,1
101995284,0,0,1,96224
101995278,0,0,1,96224
101995277,0,0,2,2
101995260,0,0,1,1
101995255,1,1,6,77
101995249,1,1,9,2
101995241,0,0,2,1410
101995229,3,3,51,1
101995222,0,0,4,589
101995218,0,0,1,1
101995215,0,0,4,1
101995208,0,1,3,97
101995198,0,0,1,1
101995196,0,1,39,17
101995195,0,0,13,1
101995185,0,0,2,22951
101995173,0,0,1,27302
101995164,0,0,3,418
101995161,0,0,1,1
101995159,0,1,17,1
101995158,0,0,6,210
101995157,0,0,1,1
101995139,0,0,2,1
101995138,0,0,3,219
101995131,0,0,1,1
101995130,0,0,2,1
101995120,0,0,1,1
101995104,1,1,12,1
101995102,0,0,1,1
101995099,1,1,15,2
101995092,1,1,10,2
101995085,0,0,3,12
101995068,0,0,10,1
101995062,0,0,1,56502
101995057,1,1,10,30
101995052,0,0,46,8
101995030,0,0,10,3
101995027,0,0,2,1
101995017,0,1,4,1
101995014,1,1,1,1
101995010,0,0,1,1
101995002,2,2,27,1935
101995001,2,3,25,1
101994999,1,1,2,1
101994995,0,0,2,34
101994974,0,0,1,1
101994966,0,0,10,1
101994960,0,0,1,88631
101994951,0,0,1,56502
101994947,1,1,7,1
101994945,0,0,1,56502
101994929,2,2,21,39
101994926,5,7,107,1
101994914,2,3,5,1
101994906,0,0,22,1
101994901,0,0,4,39
101994892,0,0,1,56502
101994890,7,6,44,2
101994884,0,0,2,9778
101994882,0,0,2,1
101994878,0,0,1,1
101994876,0,0,1,1
101994875,0,0,4,6
101994870,0,0,4,1
101994861,1,1,3,1
101994857,0,1,2,1
101994856,0,0,3,1
101994855,0,0,8,3
101994853,0,0,2,1
101994850,2,2,1,1
101994847,0,0,5,1
101994845,3,4,28,1
101994842,0,0,1,12127
101994835,0,0,5,1
101994822,0,0,14,1
101994811,0,2,7,18
101994803,0,0,119,1
101994800,0,0,1,1
101994799,1,1,6,1459
101994786,2,2,85,43
101994785,0,0,14,6
101994784,0,0,1,88631
101994773,0,0,7,1
101994770,0,0,2,2
101994769,1,1,1,12127
101994754,0,0,3,1
101994733,0,0,17,930
101994732,0,0,1,1
101994730,0,0,1,1
101994721,0,0,2,1
101994713,1,1,7,11
101994710,0,0,2,1
101994692,2,2,60,4
101994687,0,0,5,24745
101994685,0,0,30,1
101994683,0,0,1,1
101994680,0,0,2,1
101994678,1,2,6,29
101994654,0,0,1,1
101994652,0,0,1,1
101994644,0,0,1,2
101994637,0,0,1,1
101994609,0,0,2,1
101994595,0,1,8,7
101994591,0,0,3,616
101994568,0,0,1,3365
101994556,0,0,15,125
101994551,0,0,8,1
101994541,0,0,3,1740
101994534,0,0,3,39
101994529,0,1,6,1
101994525,0,0,3,28
101994515,2,2,15,3
101994513,1,1,2,3448
101994503,0,0,1,2168
101994495,0,0,1,9982
101994472,0,0,2,2
101994471,0,0,7,28
101994458,0,0,3,1
101994457,0,0,1,95567
101994450,3,2,31,5409
101994448,1,1,3,1
101994430,0,1,12,14
101994427,0,0,1,1
101994426,0,0,58,1
101994425,1,1,9,1
101994423,0,0,7,1
101994420,1,1,16,1
101994417,1,2,17,1
101994415,0,0,2,2168
101994414,0,0,1,1
101994409,2,2,42,5400
101994400,0,0,4,1
101994398,1,2,33,4
101994387,0,0,1,10812
101994385,0,0,1,1
101994380,0,0,1,1
101994379,0,0,1,1
101994374,1,2,6,589
101994369,0,0,7,1
101994366,0,0,2,134
101994363,0,0,9,1
101994350,0,1,7,4
101994340,1,1,1,1
101994337,0,0,2,1
101994335,1,1,18,1
101994333,3,4,15,1
101994316,1,1,20,1
101994314,4,5,44,96
101994312,0,0,6,1
101994311,0,0,10,5
101994297,0,0,16,3
101994296,0,0,2,1
101994295,0,0,6,1
101994292,0,0,1,1
101994287,1,1,6,1
101994286,0,1,1,1
101994280,1,2,3,1
101994278,1,1,3,28
101994275,0,0,2,1
101994272,0,0,1,1
101994271,0,0,1,1
101994263,0,0,12,1
101994259,0,0,1,1
101994255,0,0,1,1
101994248,0,0,1,1
101994246,0,0,2,1
101994241,0,0,1,2168
101994233,0,0,2,1
101994225,1,1,17,3
101994221,1,1,3,1
101994218,0,0,3,1
101994217,0,0,4,39
101994216,1,1,3,1
101994215,0,0,2,2168
101994209,3,4,88,1
101994207,1,1,2,1
101994182,0,0,2,325
101994181,0,0,2,1
101994174,5,6,58,1
101994172,2,2,9,1
101994165,0,0,5,1
101994160,0,0,2,1
101994158,0,0,1,1
101994146,1,1,10,1
101994138,0,0,2,2
101994137,0,0,4,2168
101994136,0,0,2,1446
101994134,0,0,1,2168
101994132,1,1,5,96226
101994129,0,0,2,1
101994128,0,0,41,52
101994127,0,0,1,1
101994126,0,0,18,5
101994125,0,0,12,481
101994114,1,1,5,419
101994108,0,0,4,1
101994101,2,2,5,1
101994100,0,0,1,1
101994099,0,0,1,13140
101994098,0,0,1,2168
101994097,0,0,1,1
101994091,0,0,1,1
101994088,0,0,3,1
101994079,0,0,2,32
101994078,0,0,1,1
101994077,0,0,2,1
101994076,0,0,1,1
101994073,0,0,71,164
101994069,0,0,2,1
101994066,0,0,5,1
101994061,1,1,6,1
101994058,0,0,7,2
101994052,0,0,1,10873
101994044,0,0,2,468
101994037,0,0,2,128
101994034,0,1,3,95567
101994031,0,0,1,24745
101994029,0,0,1,12127
101994025,0,0,2,1
101994014,0,0,1,1
101994012,0,0,1,12127
101994011,1,1,8,368
101993990,0,0,4,3
101993979,0,0,2,1
101993970,0,0,3,1
101993968,0,0,5,57
101993964,0,0,3,6
101993962,0,0,1,3496
101993952,0,0,1,1
101993931,0,0,3,12127
101993930,0,0,1,1
101993918,1,1,8,1
101993910,0,0,2,589
101993909,0,0,5,1
101993908,0,0,4,1
101993903,0,0,1,12127
101993897,0,0,1,12127
101993895,0,0,2,12127
101993888,0,0,5,4
101993882,0,0,6,1
101993877,0,1,73,1
101993876,0,0,2,2168
101993866,22,36,235,1
101993865,1,1,1,1
101993862,1,1,1,1
101993859,0,0,1,6295
101993855,1,0,87,20
101993850,0,0,1,1
101993848,3,3,14,94
101993845,0,0,2,1
101993828,0,0,4,1
101993827,0,0,3,1
101993823,0,0,1,1
101993820,1,1,5,1
101993815,0,0,13,1
101993811,0,0,1,11676
101993804,1,0,10,1
101993798,0,0,4,1
101993797,0,0,9,1
101993793,0,0,2,1
101993789,0,0,8,1
101993786,0,0,2,2
101993779,0,0,2,1
101993760,0,0,3,1
101993759,0,0,6,1059
101993749,0,0,28,1
101993731,0,1,5,1
101993726,0,0,1,96226
101993725,0,0,7,1
101993723,0,0,13,589
101993720,1,1,14,1
101993719,2,2,11,50
101993712,0,0,2,1
101993683,0,0,4,1
101993660,1,1,3,1
101993658,0,0,1,1
101993656,0,0,3,32
101993652,0,0,2,14466
101993640,2,3,23,1
101993635,0,0,36,1
101993619,0,0,3,292
101993616,4,4,31,1
101993607,1,1,10,1
101993606,0,0,1,478
101993605,0,0,3,219
101993603,0,0,1,1
101993601,0,0,1,1
101993599,0,0,4,1
101993596,1,1,21,1
101993592,0,0,1,1
101993587,0,0,4,14
101993586,2,2,8,36
101993583,0,0,1,1
101993580,0,0,1,1952
101993576,0,0,3,1
101993575,1,1,23,1
101993572,0,1,3,1
101993567,0,0,3,1
101993562,1,1,1,1
101993556,0,0,3,1
101993538,0,0,1,1
101993531,0,0,1,197
101993522,0,0,2,1
101993520,1,2,16,1
101993512,0,0,3,1
101993509,0,0,19,28
101993502,0,1,5,1
101993494,1,1,7,1
101993492,1,0,39,2
101993485,0,0,1,1
101993480,0,0,5,2
101993476,0,0,2,1
101993473,0,0,13,1
101993469,0,0,1,1
101993468,0,0,7,1
101993467,2,2,5,1
101993464,0,0,2,1
101993459,0,0,2,1
101993457,1,1,4,2
101993453,1,1,20,15
101993452,0,0,5,1
101993442,2,3,33,1
101993441,0,0,1,56502
101993425,4,5,111,2
101993410,0,0,4,292
101993409,0,0,1,2
101993408,1,1,1,1
101993402,0,0,1,1
101993399,0,0,3,1
101993397,0,0,1,34
101993394,0,0,1,1
101993393,1,1,1,1
101993392,2,3,13,1
101993383,0,0,7,1
101993374,1,1,2,1
101993371,0,0,2,1
101993370,0,0,2,10
101993367,0,0,3,1
101993366,0,0,3,34
101993362,0,0,1,1
101993356,1,4,24,1
101993340,1,1,19,8661
101993334,0,0,4,1
101993321,1,1,23,1
101993320,0,0,1,1
101993313,0,0,1,1
101993310,0,0,5,4
101993303,1,1,8,2
101993301,1,1,3,1
101993294,0,0,3,1
101993292,1,1,14,1
101993290,0,0,1,270
101993289,1,1,1,1
101993282,1,1,12,1
101993280,0,0,2,28997
101993274,1,1,14,1
101993272,0,0,1,1
101993263,3,3,3,1
101993261,0,0,2,1
101993252,0,0,1,1
101993245,0,0,7,2
101993239,0,0,6,77
101993231,0,0,5,1
101993230,0,0,2,50985
101993226,1,1,52,2
101993224,2,2,4,1
101993218,0,0,11,1
101993209,0,0,2,1
101993200,0,0,4,1740
101993195,0,0,2,1
101993183,0,0,3,1
101993174,1,1,29,1
101993167,1,1,2,1
101993165,1,1,29,36
101993156,0,0,8,3
101993154,2,2,6,106
101993150,1,2,5,9
101993142,0,0,3,12
101993137,0,0,1,1
101993133,0,0,1,1
101993103,0,0,6,1
101993091,0,0,1,399
101993074,0,0,1,15962
101993059,14,13,371,438
101993058,0,0,2,28997
101993049,0,0,16,1
101993048,0,0,3,1
101993047,0,0,2,2
101993043,1,1,7,1
101993036,0,0,2,1
101993033,1,1,10,25
101993027,0,0,14,1
101993026,0,0,5,1388
101993019,0,0,1,1
101993017,0,0,2,1
101993013,1,1,1,1
101993010,1,0,2,1
101993009,0,0,11,5
101992999,0,0,1,1
101992987,0,0,2,37
101992985,0,0,7,1
101992984,0,0,12,9915
101992981,0,0,5,1
101992974,0,0,2,2
101992973,0,0,1,369
101992971,0,0,4,1
101992954,0,0,3,1
101992950,0,0,2,1
101992946,1,1,10,5
101992942,1,2,35,1
101992940,0,0,2,310
101992938,2,2,8,1
101992930,0,0,3,1
101992913,0,0,4,1
101992904,0,0,2,1
101992892,2,2,27,1
101992879,1,1,15,1
101992877,0,0,5,1
101992875,0,1,2,286
101992868,0,0,2,12945
101992865,0,0,2,1
101992861,0,0,4,1
101992860,2,3,36,1
101992848,0,0,4,1
101992836,0,0,21,123
101992828,0,0,3,1
101992823,0,0,10,284
101992802,0,0,27,1
101992796,0,0,1,13976
101992792,10,9,248,6
101992784,0,0,66,328
101992769,0,0,1,1
101992768,2,3,51,1
101992765,1,0,10,1
101992753,0,0,2,219
101992749,0,0,2,28997
101992746,1,1,24,22
101992741,2,2,53,1
101992737,0,0,16,1
101992726,0,0,1,32849
101992719,0,0,6,1
101992715,2,2,25,1
101992712,0,0,2,1
101992700,0,0,3,1
101992697,0,0,3,1
101992691,0,0,12,1
101992688,0,0,1,1
101992686,2,2,4,113
101992684,0,0,11,5
101992670,0,0,1,1
101992666,0,0,1,368
101992665,0,0,8,24
101992664,2,2,199,265
101992663,0,0,3,1
101992661,1,2,77,1
101992657,3,3,5,1
101992656,0,0,5,1
101992641,0,0,2,1
101992640,0,0,4,1
101992637,0,1,6,1
101992622,0,0,6,2
101992615,58,76,1168,5
101992613,0,0,5,1
101992610,0,0,2,589
101992603,1,1,2,1070
101992597,0,0,19,1
101992595,0,0,2,1
101992593,0,0,1,201
101992586,1,1,17,2
101992579,0,0,56,930
101992578,0,0,1,1
101992575,0,0,3,1
101992572,0,0,4,16529
101992569,1,1,1,1
101992563,0,0,9,3
101992552,0,0,1,1
101992546,1,1,1,1
101992541,0,0,1,270
101992534,0,1,11,3
101992525,0,0,18,187
101992520,1,1,5,2
101992517,0,0,3,1
101992514,0,0,1,16138
101992512,2,2,36,1
101992508,0,0,2,1
101992502,0,0,1,1
101992500,0,0,1,47749
101992495,1,1,1,96226
101992483,0,0,2,1406
101992482,1,1,8,1
101992460,1,1,8,2
101992459,0,0,1,1
101992458,0,0,1,1
101992453,0,2,33,23
101992451,3,3,66,2
101992435,0,0,2,306
101992434,0,0,3,1
101992432,0,0,2,49
101992430,0,0,1,1
101992429,0,0,6,33
101992426,0,0,4,96116
101992415,1,1,1,1
101992413,3,3,17,161
101992405,1,1,5,1
101992403,1,1,3,1
101992398,3,3,12,1
101992397,0,0,1,1
101992388,2,3,28,2568
101992387,0,0,1,28997
101992375,1,1,8,1
101992373,0,0,1,1
101992372,1,2,29,1
101992367,0,0,1,1
101992359,0,1,37,1
101992358,0,0,2,5700
101992350,86,95,3348,9
101992349,0,0,4,1
101992348,0,0,1,1
101992339,0,0,3,1
101992332,0,0,3,1
101992327,1,0,6,1
101992325,0,0,4,2
101992311,0,0,8,1
101992310,0,0,2,1021
101992303,2,2,8,1
101992301,0,0,2,28997
101992298,1,1,13,1
101992297,3,4,35,13
101992294,3,3,33,8
101992279,0,0,2,16530
101992270,0,0,1,1
101992268,4,3,21,1
101992260,1,1,2,1
101992246,0,0,7,7
101992242,1,1,10,202
101992236,0,0,2,11776
101992223,0,0,1,42085
101992221,1,0,3,96226
101992218,0,0,2,4
101992206,0,0,3,16530
101992204,0,0,1,28997
101992203,0,0,9,119
101992201,0,0,1,1
101992200,0,0,2,1
101992199,2,2,3,221
101992196,1,1,8,1
101992183,0,0,3,2
101992181,0,1,1,1
101992179,0,0,2,1
101992165,3,2,116,9
101992158,0,0,7,1
101992153,1,1,18,6
101992150,0,1,164,1
101992147,0,0,4,1
101992144,0,0,14,1
101992131,0,0,1,1
101992120,0,0,7,1
101992105,1,1,3,1473
101992099,0,0,1,96226
101992097,2,2,49,2387
101992093,2,4,349,5
101992088,0,0,1,1
101992079,0,0,1,1
101992077,0,0,1,1
101992071,0,0,4,1
101992068,3,4,47,1
101992063,1,0,10,62
101992046,2,3,15,1
101992041,7,11,158,5
101992040,1,1,20,5
101992033,0,0,1,28997
101992030,0,0,2,1
101992027,0,0,15,6
101992018,0,0,2,1
101992009,0,0,85,2
101992006,2,2,4,1
101992000,0,0,4,1
101991989,0,0,6,1
101991975,0,0,1,1
101991967,3,3,20,1
101991962,0,0,8,2
101991960,1,1,15,1410
101991958,0,0,2,3303
101991957,0,0,14,439
101991944,1,1,2,96226
101991941,2,2,107,4
101991940,0,0,2,135
101991936,1,1,2,1
101991926,0,0,4,52
101991920,0,0,1,95568
101991918,0,0,5,1
101991908,0,0,1,4
101991906,1,1,6,439
101991904,0,0,1,1
101991900,7,10,191,567
101991886,0,0,2,1
101991877,0,0,5,20
101991867,0,0,1,1
101991854,0,0,3,1
101991852,2,4,25,1
101991851,2,2,9,5857
101991844,0,0,14,1
101991842,0,0,1,28997
101991841,0,0,3,930
101991832,0,0,16,1
101991829,0,0,4,1
101991827,0,0,19,1
101991825,0,0,11,5
101991820,1,2,14,808
101991804,0,0,5,1
101991800,0,0,1,32
101991799,1,2,27,2
101991771,0,0,2,567
101991766,1,1,15,3
101991765,0,0,1,607
101991752,0,0,2,1
101991749,3,3,21,1
101991747,0,0,5,1
101991737,4,5,20,1
101991732,0,0,1,1
101991728,1,1,9,1
101991718,0,0,8,33
101991708,0,0,1,2624
101991700,0,0,1,1
101991696,0,0,3,1
101991695,0,0,8,1590
101991694,1,1,16,7
101991691,0,0,3,3
101991682,0,0,5,1
101991679,0,0,16,393
101991669,0,0,1,5279
101991667,0,0,2,47752
101991666,3,5,71,1
101991655,1,1,1,1
101991650,0,0,5,1
101991647,0,0,1,96226
101991645,0,0,1,4
101991639,0,0,2,1
101991638,0,0,7,39
101991633,0,0,5,1
101991621,2,2,16,1
101991615,0,0,1,1
101991610,1,1,8,25
101991605,1,1,4,1
101991598,0,0,1,1
101991593,0,0,3,1
101991592,0,0,3,1
101991585,0,0,1,1
101991568,0,0,2,264
101991564,0,0,1,28997
101991554,0,0,10,1
101991548,0,0,1,1
101991543,0,1,5,3
101991541,0,0,5,1
101991538,0,0,1,2
101991529,0,0,1,1
101991521,0,0,2,56502
101991515,0,0,2,1
101991513,0,0,4,1
101991511,0,1,3,17
101991503,0,0,2,1
101991500,0,0,1,1
101991498,1,1,19,1
101991495,0,0,6,1
101991482,0,0,2,1
101991479,0,0,14,1
101991477,0,0,3,292
101991475,0,0,1,1
101991472,0,0,1,4
101991469,0,0,2,1
101991450,4,4,21,2
101991446,0,1,9,9
101991442,0,1,10,30
101991441,0,0,1,1
101991438,0,0,21,22
101991426,0,0,1,1
101991419,0,0,1,1
101991416,1,1,2,1
101991389,0,0,6,4
101991388,0,0,2,1
101991387,0,0,1,1
101991380,0,0,2,1
101991377,0,0,13,365
101991373,0,0,1,1
101991371,0,1,23,714
101991366,0,0,1,16530
101991361,0,0,1,208
101991355,0,0,2,4
101991352,0,0,2,95568
101991340,0,0,1,1
101991334,0,0,2,16530
101991332,1,1,31,1
101991331,0,0,2,1
101991322,0,0,1,1
101991320,1,1,4,1
101991318,0,0,2,5410
101991300,0,0,2,4
101991297,0,0,2,1
101991295,1,1,7,1
101991294,1,1,4,33
101991292,0,0,1,1
101991289,1,2,45,44
101991285,0,0,4,1
101991281,1,1,6,1
101991280,2,2,5,1
101991277,0,0,9,1
101991273,0,0,3,1
101991261,0,0,2,1
101991260,0,0,1,1
101991259,0,0,3,1
101991250,1,1,20,1
101991246,1,1,5,4818
101991242,0,0,1,1
101991241,0,0,2,96226
101991238,0,0,8,1
101991233,0,0,10,32
101991232,0,0,2,16530
101991231,0,0,2,1
101991211,0,0,1,42085
101991210,0,1,6,1
101991207,0,0,2,1
101991189,0,0,47,1
101991187,0,0,7,39
101991172,0,0,4,1
101991152,0,0,1,1
101991145,2,2,31,247
101991143,0,0,1,18805
101991135,1,1,8,1
101991133,0,0,21,13
101991130,0,0,1,16530
101991119,133,168,1882,2
101991115,0,0,2,1
101991114,2,2,16,1
101991108,0,0,3,1
101991104,9,9,216,3
101991102,0,0,1,1
101991101,0,0,1,15740
101991099,0,0,5,1
101991090,0,0,3,20
101991089,0,0,1,22952
101991084,0,0,1,1
101991077,0,0,2,96226
101991072,2,2,30,1
101991069,1,1,6,1
101991066,0,0,1,12
101991056,1,2,7,32
101991053,0,0,1,32
101991047,0,0,1,1
101991045,0,0,2,1
101991037,0,0,3,1
101991036,0,0,1,8364
101991029,1,1,6,1
101991013,0,0,3,1
101991012,0,0,2,16530
101991011,0,1,2,1
101991005,0,0,2,1
101990994,0,2,20,1
101990992,0,0,1,1
101990988,0,0,7,1081
101990974,20,20,615,3643
101990970,0,0,3,1
101990967,0,0,2,1
101990966,0,0,4,5
101990964,0,0,21,1
101990963,1,1,10,135
101990952,0,0,4,192
101990951,0,0,1,1
101990940,1,1,3,19
101990934,0,0,1,1
101990931,0,1,6,1473
101990910,17,21,87,1
101990908,0,0,5,1
101990903,0,0,1,1
101990899,0,0,8,210
101990897,0,0,3,1
101990896,0,0,9,1
101990893,10,11,120,8
101990886,0,0,1,52466
101990884,0,0,1,1
101990881,17,19,86,1
101990878,0,0,1,18805
101990867,2,2,20,1
101990863,0,0,8,2
101990860,0,0,5,1
101990857,0,0,4,55
101990856,1,1,21,1
101990854,0,0,1,1
101990848,0,0,1,5410
101990846,0,0,3,1
101990842,0,0,1,95568
101990840,0,0,2,602
101990838,0,0,4,1
101990831,0,0,1,96226
101990828,0,0,1,1
101990825,0,0,4,1
101990818,1,1,2,96226
101990816,0,0,4,1
101990799,0,0,1,96226
101990798,1,1,3,264
101990797,0,0,1,1
101990790,0,0,5,2
101990787,1,1,7,1
101990783,3,4,34,1
101990781,1,1,2,1
101990780,0,0,1,18805
101990774,0,0,6,1
101990772,0,0,3,16530
101990771,0,0,1,1
101990749,1,0,12,1
101990741,0,0,3,2
101990738,0,0,4,16530
101990733,0,0,1,1
101990730,0,0,11,16530
101990729,0,0,2,1
101990728,0,0,2,39
101990727,0,0,2,16530
101990722,1,1,34,11
101990707,0,0,1,1
101990705,2,2,3,1
101990701,0,0,3,1
101990700,0,0,1,1
101990695,0,0,3,1
101990694,0,0,1,15740
101990692,0,0,2,10812
101990690,0,0,1,1
101990683,0,0,4,1
101990679,0,0,7,1
101990676,0,0,3,1081
101990669,0,0,6,1122
101990654,0,0,1,96226
101990650,1,1,3,1
101990646,0,0,2,1
101990642,0,0,1,1
101990635,0,0,2,1
101990634,0,0,3,1
101990628,0,0,5,2
101990617,0,0,2,1
101990614,0,0,2,1
101990612,4,7,40,2
101990611,0,0,4,16530
101990607,0,0,2,28997
101990592,0,0,1,37
101990586,2,3,20,1
101990585,0,0,5,1
101990583,0,1,7,1
101990574,13,9,281,59
101990560,0,0,2,1
101990552,0,0,1,15740
101990548,1,0,1,1
101990543,0,0,2,1
101990535,0,0,6,2
101990534,0,0,2,1
101990531,0,0,1,96226
101990528,0,0,1,1
101990526,0,1,2,96226
101990515,0,0,1,96226
101990513,0,0,13,1
101990506,0,0,7,2
101990501,1,1,12,24
101990499,0,0,4,1
101990498,0,0,1,96226
101990495,0,0,3,1
101990493,0,0,1,96226
101990488,0,0,3,1
101990482,0,0,2,7
101990479,0,0,4,1
101990474,0,0,11,62
101990468,0,0,1,96226
101990467,2,1,2,96226
101990463,0,0,1,1
101990458,0,0,1,96226
101990454,3,3,20,1
101990453,0,0,4,1
101990448,1,1,2,1
101990443,1,1,4,193
101990442,0,0,2,1
101990441,4,4,14,328
101990438,2,2,24,2
101990436,2,2,36,36
101990428,0,0,1,1
101990426,0,0,1,96226
101990421,0,0,11,1
101990418,0,0,10,1
101990403,2,2,6,1
101990391,0,0,1,96226
101990380,0,0,2,1
101990371,4,4,49,1
101990366,2,3,41,1
101990365,0,0,514,3
101990354,1,1,20,1
101990349,0,1,8,4
101990334,1,3,22,1
101990323,0,0,1,1
101990308,0,0,1,6
101990307,0,0,1,96226
101990302,0,0,2,1
101990301,0,0,3,1070
101990299,0,0,5,1
101990298,0,0,1,96226
101990295,0,0,1,1
101990292,3,3,20,89
101990289,0,0,1,42085
101990286,0,0,10,18
101990283,0,0,1,1
101990278,0,0,2,15962
101990277,0,0,1,1
101990274,0,0,5,1
101990273,0,0,1,1
101990272,0,0,1,96226
101990266,1,2,10,141
101990258,2,1,3,1
101990254,0,0,2,1
101990253,0,0,1,1
101990251,0,0,1,1
101990247,0,0,2,96226
101990241,8,14,104,1
101990232,0,0,2,15740
101990231,0,0,19,96226
101990230,0,0,2,1
101990227,0,0,5,1
101990221,0,0,4,357
101990217,0,0,1,1
101990207,0,0,17,405
101990206,0,0,2,96226
101990195,0,0,2,96226
101990182,0,0,2,96226
101990179,1,1,1,96226
101990178,0,0,18,1
101990170,0,0,2,1
101990157,0,0,7,18
101990151,0,0,9,18
101990150,0,0,2,1
101990149,0,0,1,96226
101990147,0,0,2,1
101990136,0,0,2,1
101990135,1,1,1,96226
101990133,0,0,2,1
101990131,0,0,6,39
101990123,1,1,9,16
101990116,0,0,1,1
101990113,3,5,26,1
101990100,1,2,8,1
101990095,2,2,6,2
101990094,0,0,5,1
101990092,0,0,4,1
101990090,0,0,2,5
101990077,0,0,1,1
101990065,0,0,8,1
101990062,0,0,3,108
101990061,0,0,1,1
101990060,1,2,11,2
101990052,23,27,977,2
101990040,0,0,1,1
101990023,0,0,1,1
101990022,0,0,3,4
101990008,1,1,67,257
101989995,1,0,108,2
101989994,6,6,206,36
101989988,0,0,15,1
101989982,0,0,7,380
101989978,0,0,2,1
101989976,0,0,1,1
101989970,0,0,1,96226
101989968,0,1,2,2
101989963,0,0,3,286
101989954,0,0,1,1
101989949,0,0,1,1
101989939,2,2,7,4
101989929,0,0,1,1
101989913,2,1,5,2
101989897,1,1,43,1
101989896,1,1,1,1
101989895,1,0,10,1
101989888,0,0,2,1
101989885,0,0,19,405
101989881,0,0,1,1
101989876,0,0,2,1
101989872,0,0,3,1
101989868,0,0,2,15740
101989862,0,0,3,39
101989856,0,0,12,1
101989844,0,0,3,368
101989819,1,0,3,1
101989815,1,1,27,2
101989812,3,4,34,1
101989809,0,0,1,10258
101989806,0,0,5,1
101989803,0,0,1,1
101989798,1,2,25,4
101989793,0,0,2,1
101989792,0,0,30,26638
101989791,0,0,6,57
101989785,0,0,3,1
101989783,0,0,3,32
101989781,0,0,9,3
101989779,0,0,12,1
101989776,0,0,1,1
101989775,0,0,13,1
101989770,0,0,5,1
101989769,1,1,24,1
101989766,1,2,3,1
101989765,0,0,2,1
101989759,0,0,1,95568
101989747,0,0,1,1
101989740,5,7,49,2
101989734,0,0,6,2
101989733,2,2,5,1
101989729,1,1,1,1
101989721,0,0,4,1
101989720,1,2,39,3
101989710,0,0,1,1
101989707,0,0,3,1
101989706,0,0,2,1
101989699,0,0,1,1
101989698,0,0,7,1
101989696,0,0,1,1
101989682,0,0,1,1
101989681,0,1,1,1
101989680,0,0,3,1
101989670,0,0,1,1
101989662,0,0,4,1
101989642,0,0,1,6776
101989636,1,1,2,1
101989630,0,0,3,1
101989627,0,1,2,1
101989625,0,0,21,14
101989624,0,0,2,1
101989622,0,0,1,1
101989620,0,0,4,1
101989617,0,0,1,3
101989615,0,0,23,2
101989614,0,0,16,44
101989605,0,0,8,39
101989601,0,0,3,2
101989597,0,0,1,1
101989594,0,0,1,52466
101989591,0,0,1,1
101989590,0,0,4,1
101989585,0,0,23,4
101989574,0,0,1,219
101989564,0,0,2,15740
101989559,0,0,1,4187
101989543,0,0,1,1
101989523,0,0,3,1
101989522,1,1,6,1
101989520,0,0,2,1041
101989519,0,0,6,1
101989518,1,1,11,39
101989515,0,0,2,1
101989512,0,0,2,1
101989510,0,0,1,15740
101989506,1,1,11,1
101989504,0,0,2,1
101989502,0,0,1,1
101989498,0,0,4,28997
101989496,3,3,28,2
101989481,0,0,8,6
101989479,0,0,1,2
101989476,0,2,6,30
101989464,0,0,1,1
101989445,0,0,1,1
101989445,0,0,1,1
101989437,0,0,5,3
101989430,0,0,2,15754
101989428,0,0,2,1
101989423,0,0,2,1
101989419,0,0,1,1
101989412,0,0,23,28
101989411,1,1,3,1
101989399,1,5,45,1
101989397,0,0,6,2
101989395,0,0,2,39
101989389,1,1,12,2
101989386,0,0,2,24786
101989385,2,2,8,1
101989377,0,0,1,1
101989363,0,0,2,24786
101989358,0,0,35,1
101989346,0,0,1,1
101989344,0,0,4,1
101989341,0,0,1,1
101989328,0,0,7,1123
101989321,0,0,7,14
101989313,0,0,1,1
101989307,0,0,1,1
101989304,0,0,2,1
101989299,0,1,3,5
101989292,0,1,4,32
101989289,0,0,1,1
101989287,0,0,4,55
101989283,0,0,11,2958
101989280,1,1,8,2
101989269,2,3,61,2
101989269,2,3,61,2
101989259,0,1,3,1
101989257,0,0,11,4
101989250,0,0,2,96343
101989243,0,0,2,1
101989230,0,0,1,1
101989225,0,0,1,16001
101989223,1,1,17,1
101989219,1,1,1,1
101989218,0,0,2,1
101989214,0,0,3,1
101989209,0,2,14,1
101989205,0,0,2,29043
101989204,11,17,172,2
101989202,0,0,2,1
101989190,0,1,12,1
101989174,0,0,11,37
101989171,0,0,2,39
101989164,0,0,8,1
101989157,1,1,14,1
101989145,0,0,1,29043
101989131,0,0,1,96344
101989114,0,0,1,18007
101989107,0,3,25,10
101989103,0,0,51,1
101989100,2,2,4,1
101989097,1,0,10,9
101989094,0,0,3,1
101989093,0,0,1,1
101989087,0,0,3,1
101989073,1,2,21,1
101989071,1,1,13,14
101989070,0,0,6,1
101989062,1,1,15,530
101989061,0,0,2,39
101989044,1,1,10,1
101989033,0,0,1,1
101989027,1,0,2,1
101989022,0,0,16,1
101989014,0,0,2,96344
101989004,0,0,3,1
101989001,0,0,4,51018
101988976,1,1,2,32
101988968,0,0,11,151
101988964,0,0,1,1
101988959,0,0,2,1
101988952,1,2,19,1
101988948,0,0,5,1
101988939,0,0,2,1
101988929,0,0,3,1
101988920,1,1,8,1
101988917,0,0,2,39
101988912,0,0,2,1
101988906,0,0,2,3499
101988896,1,1,4,1
101988896,1,1,4,1
101988870,0,0,5,1
101988860,0,1,2,24789
101988854,0,0,1,1
101988850,0,0,13,1
101988847,0,0,1,29046
101988832,0,0,2,42121
101988830,0,0,1,16001
101988828,1,1,3,1
101988819,0,0,1,1
101988814,0,0,1,1
101988802,1,1,7,1
101988801,0,0,2,1
101988800,0,2,5,3
101988798,2,2,5,23
101988792,0,0,7,1
101988782,1,1,8,3
101988775,0,0,2,16001
101988771,0,0,1,1
101988765,0,0,1,56598
101988753,0,0,2,1
101988751,0,0,1,1
101988739,0,0,1,16001
101988728,0,0,2,1
101988721,0,0,1,1
101988716,0,0,2,1
101988714,0,0,2,617
101988707,0,0,53,2
101988696,0,0,2,42121
101988690,0,0,5,1
101988687,0,0,15,25
101988684,0,0,2,1
101988680,0,0,2,8
101988678,1,1,4,32
101988677,0,0,3,96347
101988675,0,0,2,39
101988665,2,1,15,19
101988659,0,0,2,1
101988651,0,0,1,1
101988642,0,0,1,1
101988638,2,2,24,2
101988636,0,0,3,1
101988631,0,1,11,1
101988621,0,0,1,4
101988618,1,1,9,1
101988613,0,0,4,1
101988601,0,0,1,1
101988594,2,2,10,2
101988590,0,0,2,18008
101988582,0,0,2,1
101988563,0,0,5,2
101988550,0,0,2,1
101988548,0,0,2,1
101988547,1,0,1,1
101988545,0,0,46,4
101988536,0,0,3,8
101988536,0,0,3,8
101988524,0,1,11,44
101988518,0,0,20,422
101988506,0,0,1,34346
101988502,0,0,1,56598
101988479,0,0,4,231
101988478,0,0,1,96347
101988467,6,8,45,1
101988459,0,0,1,1
101988443,0,0,1,10179
101988442,0,0,4,1
101988441,0,0,6,1
101988425,0,0,3,1
101988423,2,2,11,1
101988421,0,0,1,1
101988419,0,0,5,1
101988410,0,0,1,1
101988407,0,0,1,42121
101988398,1,1,3,4
101988384,0,0,6,3
101988375,2,2,218,6
101988371,1,1,1,1
101988369,0,0,3,2679
101988364,1,1,3,1
101988357,0,0,1,2
101988347,0,0,2,1
101988332,0,0,1,590
101988329,0,0,1,219
101988320,0,0,2,1
101988319,0,0,1,1
101988315,0,1,2,1
101988307,0,0,34,1
101988268,0,0,2,1
101988267,0,0,2,1
101988251,0,0,26,981
101988228,0,0,1,1
101988218,14,19,84,1
101988212,0,0,1,1
101988207,0,0,5,1
101988201,0,0,1,96347
101988193,1,2,17,1
101988190,0,0,6,1
101988183,0,0,2,7
101988182,1,2,32,3
101988178,0,0,6,1
101988177,0,0,3,1
101988170,0,0,2,1
101988169,0,0,1,1
101988159,7,11,144,47
101988152,0,0,11,1711
101988140,1,1,6,1
101988118,0,0,5,1
101988113,0,0,1,1288
101988110,0,1,10,11
101988103,0,0,2,1
101988096,0,0,1,1
101988092,0,0,5,9
101988085,0,0,1,1
101988073,1,0,15,1
101988065,0,0,1,1
101988062,0,0,1,52519
101988059,0,0,2,407
101988057,0,0,1,1
101988053,0,0,1,96347
101988045,2,2,8,1
101988044,0,0,1,29047
101988043,1,1,331,57
101988042,0,0,1,1
101988039,1,1,1,6034
101988037,0,0,1,1
101988024,0,0,1,4004
101988015,0,0,1,1
101988003,0,0,9,1
101987997,0,0,27,1
101987983,0,0,1,1
101987978,0,0,2,2
101987975,2,2,60,2
101987974,1,1,17,779
101987971,1,1,69,1
101987970,0,0,2,1
101987954,0,0,3,198
101987949,0,0,6,1
101987945,0,0,2,15755
101987939,1,1,14,1
101987937,0,0,1,4
101987930,0,0,4,22
101987918,0,0,10,1
101987917,1,1,47,7
101987916,0,0,1,1
101987910,1,1,13,32
101987904,0,0,1,1
101987903,0,2,7,22968
101987896,2,0,11,1
101987894,0,0,1,185
101987882,1,1,22,1
101987878,0,0,1,1
101987868,0,0,1,10195
101987852,0,0,1,1
101987851,0,0,1,1
101987850,0,0,5,1
101987847,1,1,3,2
101987825,0,0,18,3
101987823,1,1,2,1
101987822,0,0,2,1
101987817,0,0,1,1
101987816,0,0,1,1
101987811,0,0,1,1
101987806,0,1,3,31
101987798,0,0,25,1
101987797,6,6,106,2
101987796,0,3,9,44
101987791,1,0,2,1
101987783,0,0,6,283
101987770,1,1,2,1
101987758,0,0,4,3
101987756,0,0,1,1
101987753,0,0,5,513
101987751,3,2,109,2
101987744,0,1,2,1
101987742,1,1,1,1
101987741,0,0,2,16001
101987737,0,1,13,1
101987736,0,0,13,1
101987731,0,0,1,1
101987725,0,0,4,2
101987724,0,0,1,96347
101987723,5,4,33,1
101987711,0,0,103,1
101987694,0,0,6,1
101987691,0,0,2,439
101987678,0,0,1,1
101987672,0,0,2,4
101987669,0,0,1,1
101987666,0,0,2,1
101987656,0,0,1,1
101987646,0,0,16,1
101987645,0,0,1,1
101987643,0,0,1,1
101987635,1,1,3,1
101987633,0,0,6,1
101987626,0,0,2,96347
101987607,2,2,55,2
101987606,0,0,1,1
101987587,1,2,7,713
101987575,0,0,1,1
101987572,0,0,26,1747
101987562,0,1,4,5417
101987554,0,0,1,1
101987548,1,1,19,1711
101987540,0,0,3,2
101987520,0,0,1,1
101987509,0,0,1,1
101987508,0,0,2,1
101987502,0,0,3,1
101987497,1,1,17,1
101987489,0,0,3,1
101987476,3,3,28,1
101987470,0,0,3,1
101987453,1,1,4,56599
101987449,0,0,1,5
101987437,0,0,1,5430
101987428,0,0,6,3374
101987420,0,0,1,1
101987419,0,0,1,1
101987413,0,0,2,1
101987393,2,1,27,3849
101987382,0,0,2,5
101987359,1,2,7,46
101987345,0,0,6,1
101987342,0,0,1,1
101987341,0,0,1,1411
101987336,0,1,1,1
101987332,0,0,1,1
101987329,0,0,49,2209
101987326,0,0,1,1
101987325,0,0,6,107
101987323,0,0,7,39
101987317,0,0,1,96347
101987295,0,0,1,1
101987288,0,1,13,1
101987285,0,0,1,1
101987273,0,0,1,1077
101987272,1,1,21,65
101987268,0,0,1,18829
101987262,4,6,33,21
101987248,0,0,1,19871
101987247,3,3,5,12
101987246,0,0,9,8
101987240,1,1,5,1
101987236,0,0,9,17
101987235,1,1,5,1
101987234,0,0,9,1
101987221,0,1,31,1
101987218,1,1,1,1
101987214,0,0,5,29047
101987212,0,0,1,1
101987202,0,0,1,1
101987190,0,0,1,2
101987186,4,5,26,1
101987184,0,0,2,1
101987181,0,0,10,1
101987179,0,0,3,84
101987177,0,0,1,1
101987169,0,0,3,1
101987154,0,0,2,1
101987137,0,0,2,1
101987136,0,0,3,1
101987133,2,2,64,1
101987132,0,0,1,1
101987129,0,0,1,9972
101987128,0,0,1,51023
101987127,0,0,1,1
101987125,0,0,7,11
101987123,0,0,5,1
101987121,1,2,10,1
101987117,1,1,4,2
101987098,0,0,2,1
101987095,49,55,1497,3
101987093,0,0,2,1
101987079,0,0,4,1
101987071,0,0,2,1
101987069,0,0,1,24696
101987064,0,0,37,21
101987051,0,0,8,3452
101987048,0,0,5,1
101987027,0,0,3,1
101987017,1,0,6,19
101987015,0,0,6,2
101987010,1,1,4,1
101987008,1,1,4,1
101987003,0,0,2,1
101986998,0,0,1,1
101986989,0,0,1,27335
101986988,0,0,11,2
101986985,0,0,1,1
101986981,0,0,2,1
101986980,0,0,4,1
101986979,0,0,1,32882
101986973,0,0,24,1
101986970,0,0,5,1
101986960,0,0,1,1
101986949,0,0,1,1
101986945,0,0,5,1
101986938,0,0,1,1
101986933,0,0,2,1
101986920,0,0,8,39
101986914,0,0,7,1
101986907,2,2,5,1
101986902,0,0,1,1
101986895,1,1,2,1
101986894,0,0,40,1
101986893,0,1,9,682
101986892,1,2,2,1
101986891,7,10,219,18
101986890,0,0,7,22968
101986888,0,0,2,1
101986883,6,6,16,1
101986880,3,3,27,1
101986872,0,0,3,8
101986871,0,0,3,1
101986870,0,0,3,1
101986868,0,0,2,1
101986865,0,0,1,1
101986864,0,0,1,1
101986861,0,0,1,1
101986851,1,1,59,1
101986847,0,0,1,1
101986844,0,0,1,1
101986834,0,0,1,1
101986831,0,0,1,1
101986829,0,0,1,4727
101986826,0,0,1,1
101986818,0,0,2,27335
101986813,1,2,9,1
101986812,0,0,1,1
101986806,0,0,1,1
101986799,0,0,1,27335
101986795,0,0,8,1
101986790,0,0,3,26673
101986789,0,0,3,1
101986787,0,0,2,27335
101986785,0,0,1,1
101986781,0,0,2,1
101986766,1,2,8,1
101986763,0,0,1,1
101986759,0,0,2,1
101986756,0,0,1,27335
101986749,0,0,1,4727
101986737,2,2,32,1
101986733,0,0,1,1
101986731,0,1,3,1
101986729,2,2,61,560
101986720,1,1,5,745
101986716,0,0,1,1
101986688,1,1,1,1
101986687,0,0,1,1
101986686,0,0,1,1
101986681,1,0,24,3
101986680,4,15,126,1043
101986678,1,1,1,1
101986676,0,0,18,6
101986672,1,1,4,27335
101986669,2,2,17,1
101986665,0,0,1,1
101986654,0,0,1,1
101986650,0,0,4,39
101986647,1,1,15,1
101986644,0,0,2,1
101986627,0,0,1,1
101986610,0,0,3,2961
101986603,1,1,6,1
101986600,0,0,2,1
101986598,0,0,1,1
101986596,0,0,1,1
101986594,0,0,4,439
101986584,1,1,9,2
101986581,4,1,42,1
101986573,0,0,1,1
101986570,9,18,122,119
101986559,1,1,5,1
101986552,0,0,2,39
101986550,0,0,26,12
101986549,8,7,78,1
101986546,0,0,7,1411
101986544,0,0,1,1
101986542,0,0,1,1
101986537,4,4,10,1
101986533,0,0,16,106
101986524,0,0,1,1
101986520,0,0,8,1
101986519,0,0,1,32882
101986511,0,0,1,1288
101986507,0,0,1,1
101986487,1,2,7,113
101986484,0,0,1,1
101986477,9,8,42,1
101986466,0,0,1,1
101986465,1,1,20,1
101986458,0,0,6,2
101986452,0,0,1,1
101986441,2,2,2,1
101986436,0,0,85,15
101986435,0,0,5,168
101986427,0,0,1,10195
101986406,0,0,1,2
101986402,3,3,13,8
101986401,1,1,10,9
101986390,0,0,3,1
101986386,0,0,3,25
101986384,1,1,8,14
101986382,0,0,6,1
101986371,0,0,1,1
101986363,0,0,2,1
101986358,0,0,1,1
101986357,0,0,1,4727
101986349,0,0,1,1
101986348,1,1,2,14
101986335,0,0,1,1
101986333,1,2,10,930
101986329,0,1,3,1
101986325,0,0,1,1
101986324,0,0,1,18829
101986321,0,0,1,7
101986320,0,0,2,1
101986314,0,0,32,42
101986310,0,0,1,1
101986304,0,0,1,1
101986298,5,5,43,4
101986297,0,0,73,2209
101986295,0,0,1,1
101986286,0,0,1,1
101986280,3,2,65,2
101986278,0,0,1,152
101986275,0,1,5,1
101986269,0,0,1,1
101986268,3,4,137,1
101986265,1,1,1,1
101986254,0,0,16,1
101986248,10,13,74,3
101986240,0,0,4,1
101986231,0,0,2,1
101986225,0,1,1,29047
101986223,0,0,1,1
101986219,0,0,1,1
101986203,3,3,41,47851
101986201,0,0,1,1
101986191,0,0,136,14
101986186,0,0,6,1
101986179,0,0,2,1
101986178,2,2,35,16
101986175,2,2,22,1
101986172,0,0,1,1
101986167,0,0,2,2
101986165,1,1,11,337
101986162,0,0,1,1
101986158,1,2,41,1
101986155,0,0,3,1
101986146,1,1,5,1
101986142,0,0,1,1
101986137,0,0,1,4
101986115,0,0,1,1
101986114,0,0,2,3
101986113,0,0,2,1
101986112,0,0,4,244
101986106,0,0,2,56600
101986101,14,14,230,5417
101986093,0,0,3,5
101986090,0,0,1,4689
101986089,7,7,9,1
101986088,0,0,1,1
101986087,0,0,23,1
101986080,0,0,2,1
101986068,0,0,17,2
101986062,0,0,1,1
101986056,0,0,1,1
101986051,0,1,2,1
101986043,0,0,1,1
101986039,7,8,43,3
101986029,3,3,33,2
101986027,0,0,17,1
101986023,1,1,45,1
101986015,0,0,15,1
101985997,0,0,1,1
101985995,0,0,1,1
101985993,0,0,1,1
101985992,0,0,2,12
101985988,0,0,2,1
101985979,0,0,1,1
101985977,1,1,14,2
101985972,0,0,1,1
101985971,0,0,1,1
101985955,1,0,2,58
101985946,0,0,1,1
101985936,0,0,1,96347
101985932,0,1,19,1
101985926,0,0,2,43
101985925,0,0,3,4
101985919,3,4,58,6
101985918,2,2,18,3
101985914,0,0,3,1
101985909,0,0,2,1
101985907,0,0,2,42
101985901,0,0,1,5853
101985897,0,0,1,24696
101985883,0,0,4,13
101985868,0,0,1,3
101985862,0,0,14,1
101985860,3,3,14,1
101985858,0,0,14,1
101985857,0,0,2,1
101985848,0,0,1,1
101985835,6,6,18,1
101985824,0,0,1,96347
101985821,0,1,14,1
101985813,2,2,10,1
101985812,1,0,4,1
101985807,0,0,2,96347
101985792,0,0,1,1
101985789,0,0,2,1
101985784,0,0,2,4689
101985779,0,0,2,1
101985770,0,0,1,1
101985764,0,0,5,1
101985754,1,1,4,4
101985753,0,0,1,1
101985752,0,0,6,4
101985731,0,0,1,5
101985726,3,3,5,1
101985724,0,0,1,1
101985722,0,1,4,1
101985719,0,0,3,34348
101985717,0,0,1,1
101985715,0,0,1,1
101985710,0,0,1,1
101985709,0,0,1,4
101985696,0,0,1,18829
101985693,6,6,32,1
101985692,3,1,12,2
101985688,1,1,2,1
101985679,0,0,1,1
101985675,0,0,2,390
101985652,7,10,82,19
101985648,2,2,30,60
101985641,0,0,1,1
101985638,0,0,1,2391
101985634,0,0,2,2
101985606,0,0,2,29047
101985590,0,0,1,1
101985585,0,0,1,1
101985578,0,0,5,1
101985576,0,0,3,1
101985567,1,1,5,1
101985561,3,3,3,5
101985551,0,0,1,1
101985546,0,0,1,4188
101985544,0,0,3,4
101985541,0,0,2,29047
101985532,0,0,1,2004
101985531,1,0,2,1
101985518,0,0,1,1
101985515,0,0,6,4
101985505,0,0,2,18
101985504,1,1,8,198
101985502,0,0,1,1
101985497,3,3,42,41
101985492,0,0,2,1
101985488,0,0,1,29047
101985487,3,3,61,1
101985480,0,0,7,1
101985475,0,0,1,4689
101985473,0,0,2,1
101985471,0,0,152,369
101985470,0,0,1,1
101985469,0,0,1,96347
101985452,0,0,11,1886
101985448,0,0,1,1
101985437,0,0,1,1288
101985427,0,0,1,1
101985426,0,0,2,1
101985425,0,0,1,1
101985413,2,3,23,1
101985410,0,0,1,1
101985409,0,0,3,25
101985395,0,0,9,1
101985380,1,1,2,1
101985377,0,0,3,1
101985374,0,1,1,1
101985364,0,0,1,117148
101985361,0,0,6,478
101985360,2,2,59,1
101985358,0,0,7,1
101985355,0,0,3,17
101985325,0,0,1,1
101985317,0,0,4,118
101985311,0,0,2,1
101985294,0,0,1,52519
101985291,1,1,11,2
101985287,0,0,1,60375
101985274,0,0,2,1
101985271,0,0,1,19871
101985267,0,0,1,1
101985263,0,0,1,1
101985260,0,0,1,1
101985259,0,0,1,18829
101985250,2,1,8,1
101985242,4,3,9,2
101985238,0,0,2,1
101985225,0,0,1,24696
101985212,0,0,1,3
101985210,0,1,77,1
101985188,0,0,1,1
101985187,0,0,4,337
101985178,0,0,1,1
101985175,2,3,25,1
101985173,0,0,1,1
101985171,0,0,7,1
101985164,0,0,2,1
101985156,1,1,6,1
101985154,0,0,2,23960
101985149,2,2,33,1
101985144,0,0,1,2391
101985141,0,1,9,1
101985134,0,0,1,60375
101985132,1,0,4,1
101985123,0,0,2,1
101985121,0,0,1,1
101985115,0,0,28,1
101985109,0,0,1,1
101985104,0,0,11,1
101985103,0,0,49,342
101985100,1,1,5,439
101985098,0,0,1,1
101985095,0,0,1,1
101985093,0,0,1,1
101985085,3,2,28,2
101985083,0,0,1,1
101985074,0,0,2,29047
101985073,2,2,28,4
101985067,0,0,4,29047
101985063,1,0,5,954
101985057,0,0,13,1
101985047,0,0,2,1
101985045,0,0,1,1
101985040,0,0,1,96347
101985030,1,1,7,1
101985023,3,3,309,2
101985020,0,0,5,253
101985013,0,1,17,1
101985010,0,1,5,1
101985002,1,3,18,2
101984996,0,0,2,24696
101984994,1,1,8,18
101984988,0,0,8,1
101984984,0,0,2,1405
101984977,1,2,28,13
101984967,0,0,31,1
101984944,2,2,2,23960
101984941,0,0,1,1
101984940,0,0,1,1
101984936,0,0,1,1
101984935,0,0,3,1
101984933,1,3,27,12
101984932,0,0,6,22286
101984924,0,0,1,78454
101984917,2,2,23,2
101984910,1,0,6,167
101984904,0,0,1,1
101984903,0,1,5,1
101984896,5,6,52,2
101984895,3,3,59,1
101984894,0,0,1,1
101984891,1,1,5,1
101984888,0,0,6,5
101984886,0,0,1,9972
101984885,0,0,1,1
101984882,0,0,1,96347
101984869,1,1,14,1
101984863,4,4,81,1
101984862,0,0,3,1
101984858,1,1,4,3
101984857,0,0,1,1
101984846,0,0,1,96347
101984837,0,0,1,1
101984819,0,0,3,1
101984816,0,0,1,1
101984814,1,1,4,1
101984811,0,0,1,1
101984810,0,1,4,1
101984808,0,0,4,1985
101984802,0,0,2,96347
101984789,0,0,1,9972
101984785,0,0,1,257
101984784,0,0,10,1
101984781,0,0,1,1
101984777,1,1,3,1
101984774,0,0,1,1
101984773,0,0,2,96347
101984772,0,0,1,1
101984769,1,1,13,1
101984766,0,0,2,16
101984764,0,0,2,96347
101984763,0,0,1,1
101984758,0,0,1,96347
101984751,0,0,1,1
101984749,1,1,1,1
101984748,16,15,535,68
101984744,0,0,2,1
101984742,0,0,1,96347
101984740,3,4,227,39
101984734,0,0,2,96347
101984733,0,0,1,1
101984732,0,0,5,1
101984731,0,0,1,1
101984724,0,0,14,1
101984722,0,0,8,2
101984717,0,0,6,1
101984707,0,0,5,1
101984704,0,0,2,1
101984696,0,1,4,1
101984695,1,1,1,1
101984694,0,0,1,1
101984691,0,0,1,22286
101984690,0,0,2,96347
101984689,1,0,10,1
101984682,0,0,4,1
101984681,0,0,4,1
101984676,17,26,163,1
101984672,0,0,2,1
101984663,0,0,4,1
101984662,0,0,1,1
101984660,0,0,1,1
101984656,0,0,1,1
101984651,1,1,40,1
101984649,0,0,4,1
101984643,0,0,1,32882
101984634,0,1,13,1
101984630,1,0,4,1
101984629,1,1,4,1
101984628,0,0,92,2
101984626,0,0,1,1
101984620,1,1,7,1
101984619,0,0,4,1
101984614,0,2,106,1
101984610,0,0,6,1
101984608,9,12,662,3
101984606,0,0,5,1
101984604,0,0,5,1
101984591,0,0,5,1
101984589,0,0,1,1
101984587,2,2,4,1
101984585,0,0,3,1
101984582,0,0,7,1
101984581,1,1,10,1
101984580,0,0,7,1
101984574,0,0,1,1
101984567,0,0,1,1
101984566,0,0,1,1
101984558,1,1,8,1
101984555,0,0,3,16
101984551,0,0,11,35
101984543,2,3,31,1
101984541,0,0,2,5861
101984540,1,1,9,29
101984538,1,1,13,2
101984536,1,2,48,3
101984530,0,0,1,1
101984527,0,0,3,1
101984526,0,0,1,1
101984518,1,1,2,1
101984506,0,0,5,1
101984498,0,0,1,1
101984497,18,24,1247,3
101984479,0,0,4,14
101984477,0,0,3,1
101984469,0,0,4,1
101984465,0,0,1,16
101984460,0,0,3,6691
101984457,0,0,1,1
101984440,0,0,3,1
101984433,0,0,7,1
101984430,0,0,1,22286
101984429,0,0,1,1
101984427,1,1,1,1
101984403,0,0,1,1
101984398,0,0,7,18
101984378,1,1,2,117148
101984375,0,0,1,1
101984371,0,0,21,1
101984366,0,0,4,1
101984364,1,1,15,1
101984360,2,4,43,1
101984357,0,0,6,1636
101984345,0,0,6,3
101984343,0,0,1,1
101984337,0,0,13,300
101984331,0,0,9,1
101984329,0,1,8,1
101984325,0,1,3,1
101984321,3,3,60,5
101984315,0,0,1,1
101984314,0,0,7,1
101984302,1,1,16,1
101984290,0,0,5,1
101984289,1,1,6,1
101984287,0,0,3,1
101984285,0,0,2,1
101984283,0,0,6,1
101984279,0,0,1,1
101984277,0,0,1,1
101984271,0,1,49,1
101984269,0,0,13,399
101984268,1,1,1,1
101984267,0,0,1,1
101984265,0,0,51,1
101984254,2,2,28,568
101984234,0,0,1,1
101984231,0,0,1,9972
101984229,0,0,1,1
101984228,0,0,2,1
101984219,1,1,4,1
101984211,1,1,20,1
101984207,0,0,12,1
101984187,1,0,4,1
101984170,0,0,2,1
101984158,0,0,6,292
101984157,0,0,1,4727
101984156,0,0,1,1
101984152,7,12,82,1
101984149,0,0,1,1
101984145,1,1,2,1
101984143,0,0,1,56600
101984137,0,0,3,11911
101984134,0,0,1,22424
101984105,0,0,1,1
101984100,1,1,32,1
101984099,0,0,2,519
101984072,2,1,33,3
101984063,0,0,4,1
101984061,0,0,1,1
101984052,0,0,1,1
101984050,0,0,1,2
101984046,0,0,11,5
101984038,0,0,2,5296
101984037,0,0,5,1
101984031,0,0,3,2
101984029,0,0,1,1
101984018,0,0,21,13
101984014,0,0,3,1
101984010,0,0,7,1
101984003,1,1,7,1
101983967,0,0,6,18
101983966,0,0,5,2
101983960,0,0,2,1
101983953,0,0,2,4
101983951,0,0,12,1
101983944,0,0,8,6
101983934,1,0,2,2
101983929,0,0,1,47852
101983916,0,0,1,1
101983913,0,0,9,1
101983910,4,5,134,73
101983907,0,1,5,506
101983899,0,0,1,1
101983898,0,1,9,6
101983895,0,0,1,1
101983879,0,0,1,16544
101983878,2,3,6,49
101983873,0,0,1,1
101983858,0,0,1,1
101983855,0,0,13,3
101983847,0,0,1,1
101983837,0,0,2,1
101983832,1,1,2,1
101983814,0,0,6,1
101983800,1,1,3,1
101983777,0,0,2,1
101983757,0,0,2,1
101983756,1,1,2,286
101983753,0,0,2,39
101983752,0,0,1,1
101983748,1,2,17,44
101983731,0,0,1,1
101983720,0,0,1,1
101983712,2,2,13,1
101983706,0,0,3,60375
101983703,1,1,2,1
101983696,2,2,17,1
101983691,1,1,1,1
101983689,0,0,1,1
101983684,8,7,502,1
101983675,0,0,1,1
101983670,0,0,16,1
101983661,0,0,1,1
101983631,2,2,20,3
101983626,0,1,13,2
101983625,0,0,3,1
101983622,0,0,13,1
101983603,0,0,8,1
101983591,0,0,1,1
101983576,0,0,11,354
101983572,1,1,94,228
101983569,0,0,9,1
101983568,0,0,2,1
101983562,0,1,28,1
101983559,0,0,2,1
101983544,0,1,3,1
101983528,0,0,7,1
101983522,0,0,1,1
101983520,0,0,1,1
101983517,3,4,34,1
101983512,0,0,1,1
101983502,0,0,2,1
101983493,0,0,3,5
101983485,0,0,1,1
101983480,0,0,1,1
101983468,1,1,21,4
101983459,0,0,1,1
101983449,0,0,1,8562
101983447,0,0,2,1
101983443,0,0,2,28507
101983442,0,0,4,1
101983435,1,1,64,5
101983433,0,0,5,1
101983432,1,1,12,3
101983426,0,0,1,1
101983425,0,0,8,65
101983420,0,0,1,1
101983419,1,1,5,1
101983417,0,0,1,1
101983416,2,2,13,1
101983409,0,0,1,1
101983407,0,0,2,1
101983391,0,0,5,1
101983384,1,1,3,1
101983383,0,1,11,1
101983379,0,0,1,399
101983377,0,0,2,18830
101983375,0,0,6,82
101983361,0,0,3,4
101983335,0,0,6,1
101983332,0,0,8,39
101983329,0,0,7,1
101983324,5,5,34,21
101983322,2,1,8,1
101983319,1,1,3,10100
101983318,0,0,3,39
101983316,0,0,34,568
101983312,1,2,15,1
101983310,0,0,1,2
101983309,0,0,1,60375
101983304,0,0,1,1
101983301,0,0,11,1
101983282,0,0,1,47853
101983269,0,0,8,185
101983250,1,1,22,3
101983233,1,1,8,1
101983229,0,0,1,1
101983225,0,0,1,1
101983224,0,0,3,1
101983217,0,0,4,1
101983204,0,0,9,1
101983202,1,1,5,2
101983189,2,2,18,1
101983183,0,0,7,1
101983151,0,0,2,1
101983129,0,0,2,33
101983117,1,1,1,1
101983113,0,0,1,1
101983110,0,0,1,1
101983107,0,0,6,2
101983097,0,0,3,1
101983091,0,0,1,1
101983090,2,2,13,1
101983089,0,0,2,1
101983085,2,2,11,569
101983063,0,0,1,1
101983061,0,0,2,56600
101983056,0,0,1,1
101983055,5,5,101,1
101983050,0,0,5,1
101983045,4,6,79,4
101983041,0,1,12,1070
101983040,0,0,1,1
101983036,0,0,9,1
101983032,0,0,24,1
101983027,3,3,20,1
101983023,0,0,5,1070
101983001,2,2,61,8
101982998,0,0,1,1
101982995,1,1,30,2
101982982,0,0,2,1
101982972,0,0,2,1
101982970,0,1,12,1
101982964,0,0,1,60375
101982962,0,0,3,1
101982958,1,1,1,6750
101982942,0,0,2,106
101982941,3,3,17,43
101982927,0,0,1,1
101982916,1,1,3,1
101982907,0,0,6,2
101982903,0,0,1,1
101982902,0,0,1,1
101982900,0,0,3,1
101982899,0,0,2,1
101982889,1,1,4,1
101982867,0,0,1,1
101982864,0,0,3,39
101982847,0,0,1,24789
101982846,0,0,1,29047
101982845,0,1,51,2
101982833,1,2,392,10
101982807,1,1,1,1
101982796,0,0,1,1
101982788,0,0,6,1
101982781,3,3,46,1
101982772,1,1,1,1
101982771,0,0,5,9920
101982769,0,0,1,1
101982766,0,0,1,60375
101982763,0,0,1,5296
101982762,0,0,1,9972
101982752,1,2,2,2
101982749,1,1,2,1
101982743,0,0,1,1
101982731,0,0,1,1
101982728,0,0,4,2
101982727,0,0,1,1
101982724,0,0,2,1
101982722,0,0,5,1
101982708,0,0,1,1
101982706,1,1,2,1
101982703,0,1,6,1
101982685,0,1,10,1124
101982680,0,0,2,1
101982675,0,0,3,34348
101982673,1,1,5,1
101982648,0,0,1,5296
101982643,1,1,7,7905
101982642,0,0,1,1
101982635,0,0,1,1
101982628,0,0,1,1
101982603,1,1,9,1
101982601,0,0,1,1
101982596,0,0,1,1
101982588,2,2,16,1
101982584,1,1,4,328
101982583,0,0,1,1
101982571,0,0,1,1
101982570,0,0,29,1
101982556,0,0,6,1
101982538,2,2,9,1
101982533,1,4,13,7
101982520,0,0,17,153
101982498,0,0,7,1
101982490,0,0,2,1
101982484,3,2,13,1
101982479,0,0,4,1
101982471,1,0,30,930
101982462,34,36,386,7642
101982454,0,0,3,1
101982447,1,0,6,1
101982440,0,0,2,1
101982432,0,0,1,1
101982413,1,1,7,2
101982407,1,1,82,20
101982405,0,0,1,1
101982397,0,0,3,1
101982395,1,1,1,1
101982393,1,1,1,32882
101982385,0,0,1,11
101982374,0,0,8,1
101982373,0,0,1,1
101982372,0,0,5,100
101982371,1,2,5,1
101982366,0,0,1,5296
101982354,2,1,59,1
101982335,0,0,6,14
101982333,0,0,4,1
101982331,3,3,3,1
101982324,0,0,1,1
101982323,0,0,1,1
101982320,0,0,1,1
101982319,0,0,1,1
101982315,0,0,11,1
101982311,0,0,1,27335
101982303,12,10,309,2
101982296,1,0,5,1
101982292,0,0,4,5
101982287,0,0,4,1
101982280,0,0,6,2
101982277,0,0,2,1
101982263,0,0,3,4751
101982262,0,0,1,1
101982248,0,0,1,29047
101982245,1,1,15,1
101982236,0,0,1,2
101982235,1,1,11,1
101982224,0,0,2,119
101982218,0,1,25,478
101982216,0,0,2,1
101982215,0,0,3,105
101982203,0,0,6,1
101982191,0,0,4,1
101982187,0,0,4,1
101982183,0,0,2,331
101982177,0,0,3,1
101982157,0,0,5,1
101982155,1,0,7,1
101982152,0,0,6,9920
101982147,0,0,5,403
101982128,0,0,1,22424
101982127,2,2,20,1
101982126,2,4,37,1
101982125,0,0,1,27335
101982124,0,0,6,1
101982122,1,1,22,13
101982121,1,1,8,1
101982114,1,1,5,3
101982064,1,1,21,3782
101982056,1,1,5,53
101982048,0,0,10,17
101982047,0,0,3,1
101982034,1,0,2,1
101982031,1,1,3,1
101982023,0,0,1,1
101982011,0,0,2,3826
101982006,0,0,1,4189
101981994,2,2,11,1413
101981978,0,0,6,1
101981977,0,0,4,1
101981972,1,1,37,1
101981958,1,1,2,1
101981952,0,0,1,22424
101981951,0,0,1,1
101981931,3,6,119,1
101981928,0,0,1,95668
101981924,0,0,4,1
101981923,0,0,4,1
101981919,0,0,7,1
101981911,0,0,12,49
101981908,5,5,148,38
101981902,0,0,3,1
101981889,0,0,3,2209
101981881,0,0,3,1
101981877,1,1,3,1
101981872,0,0,3,1
101981870,1,1,17,1
101981858,3,3,55,9920
101981857,0,0,2,1
101981848,0,0,1,1
101981827,0,0,12,1
101981826,0,0,3,306
101981825,0,0,1,6
101981824,0,0,1,1
101981792,2,2,5,1
101981790,0,0,9,1
101981783,0,0,2,1
101981780,0,0,1,306
101981771,0,0,1,1
101981765,0,1,4,4
101981760,3,3,55,1
101981753,0,0,1,1
101981752,0,0,3,1
101981747,0,0,1,1
101981744,4,4,37,11
101981742,0,0,1,1
101981739,0,0,2,1
101981736,1,1,23,4
101981732,0,0,1,56600
101981731,3,3,11,4
101981727,0,0,1,1
101981709,0,0,1,95668
101981702,0,0,1,22424
101981701,1,1,2,34348
101981688,1,1,38,28179
101981685,0,0,2,1
101981681,1,1,31,6
101981675,1,1,3,1
101981669,1,1,5,1
101981666,0,0,1,1
101981652,1,1,31,50
101981651,0,0,1,117148
101981648,0,0,1,1
101981643,9,9,75,1
101981642,0,0,2,1
101981640,1,1,3,32882
101981639,0,0,1,1
101981636,0,0,3,1
101981633,5,4,258,6
101981632,1,1,4,1
101981629,1,3,10,1
101981622,0,1,9,1
101981621,0,0,1,1
101981618,0,1,3,1
101981617,0,0,3,1
101981613,1,1,8,1
101981609,0,0,2,56600
101981607,0,0,1,26675
101981603,1,1,1,1
101981579,0,0,4,368
101981572,0,0,4,1
101981571,0,0,10,1
101981570,0,0,1,1
101981559,16,14,514,1
101981545,0,0,1,6750
101981519,0,0,3,1
101981518,0,0,10,1
101981506,1,1,4,7
101981505,0,0,1,1
101981500,1,1,3,22286
101981484,0,0,17,3
101981480,0,0,2,568
101981477,1,1,4,2
101981466,1,1,1,1
101981458,0,0,1,1
101981452,0,0,9,1
101981441,0,0,1,7
101981440,0,0,2,1
101981422,0,0,25,1
101981409,1,1,2,1
101981400,0,0,1,1
101981391,0,0,92,3
101981387,1,1,5,8
101981384,0,0,1,1
101981383,0,0,1,96347
101981376,0,0,1,1
101981369,0,0,14,3
101981360,1,1,12,578
101981358,1,0,10,162
101981355,0,0,1,22424
101981350,0,0,27,32
101981346,0,0,9,47
101981345,0,0,6,1
101981315,1,1,20,6
101981301,3,3,9,1
101981299,1,2,17,1
101981296,0,0,16,2
101981292,0,0,1,23960
101981291,0,0,3,1
101981284,0,0,1,1
101981275,0,0,1,1
101981264,1,1,2,1
101981258,0,0,2,1
101981255,1,1,14,1
101981254,0,0,1,1
101981252,0,0,12,1
101981236,0,1,6,32882
101981221,0,0,1,2
101981217,0,0,1,1
101981211,0,1,17,20
101981208,0,0,1,1
101981206,0,0,3,1
101981190,0,0,3,1
101981187,0,0,3,1
101981172,0,0,2,1
101981159,0,0,2,1
101981158,0,0,1,1
101981157,0,0,4,1
101981152,0,0,1,1
101981139,0,1,8,1
101981133,0,0,2,9793
101981129,0,0,6,1
101981118,0,1,1,1
101981101,0,0,10,1
101981099,0,0,3,1
101981095,0,0,43,19
101981089,1,1,6,7652
101981079,0,0,2,6
101981078,0,0,1,1
101981075,0,0,2,2
101981066,0,0,1,32882
101981065,3,3,9,32882
101981061,1,1,1,32882
101981059,0,0,8,6
101981056,0,0,7,128
101981048,0,0,1,1
101981043,0,0,1,27335
101981042,2,2,28,221
101981037,0,0,1,1
101981033,0,0,2,1
101981028,0,0,1,32882
101981021,0,0,1,1
101981013,1,0,1,32882
101981011,1,1,1,1
101981007,1,1,12,1
101980997,0,1,1,67
101980995,0,0,1,1
101980988,0,0,2,1
101980985,0,1,24,1
101980979,0,0,1,32882
101980960,0,0,5,1
101980957,1,1,15,1
101980953,0,0,2,1
101980951,0,0,2,1
101980942,0,0,4,1
101980938,1,0,12,96
101980918,0,0,6,1
101980906,1,5,64,2
101980895,0,0,1,1
101980882,0,0,2,1
101980881,0,0,9,1475
101980879,0,0,3,1
101980877,1,1,1,1
101980876,0,0,19,7
101980873,0,0,5,1
101980870,0,0,1,1
101980867,0,0,2,2231
101980855,0,0,3,1
101980848,0,0,1,1
101980846,0,0,2,10020
101980823,1,1,11,7
101980821,0,0,5,1
101980812,6,5,80,3
101980811,3,3,39,32
101980803,0,0,7,1633
101980802,0,0,4,1
101980795,7,8,162,2
101980790,0,0,1,1
101980781,0,0,2,1
101980777,1,1,2,107
101980764,0,0,1,1
101980741,0,0,2,96347
101980740,0,0,1,1
101980737,0,0,1,1
101980731,0,1,8,5
101980730,0,0,1,1
101980729,1,1,4,1
101980716,1,1,11,1
101980714,0,0,1,1
101980701,0,0,1,1
101980700,1,1,1,2
101980697,0,0,1,95668
101980692,0,0,3,8562
101980690,0,0,2,470
101980689,0,0,1,1
101980681,0,0,7,1
101980678,0,0,3,1
101980674,0,0,1,1
101980668,0,1,3,1
101980667,0,1,158,13
101980665,0,0,13,1
101980657,0,0,1,1
101980651,0,0,3,1
101980645,0,0,20,1
101980639,0,0,56,1
101980630,0,0,4,1
101980629,1,1,1,1
101980628,1,1,8,10372
101980613,0,0,2,1
101980610,0,0,1,4689
101980608,0,0,1,1
101980599,0,0,1,1
101980596,0,0,2,34348
101980590,0,0,2,1
101980588,0,1,2,1
101980587,0,0,2,1
101980586,0,0,1,1
101980579,4,5,89,23
101980566,0,0,8,4
101980564,0,1,6,1
101980560,0,0,13,1
101980557,0,0,1,1
101980554,0,0,3,3
101980553,0,0,1,175
101980548,0,1,14,1
101980544,0,0,1,4689
101980537,0,0,1,1
101980535,0,0,2,1
101980528,0,0,2,1
101980524,0,0,1,1
101980522,0,0,2,1
101980518,0,0,142,1
101980513,0,0,3,1
101980509,0,0,1,3
101980508,0,0,1,1
101980507,0,0,1,1
101980506,0,0,2,96347
101980476,0,0,1,56600
101980471,0,0,3,1
101980458,1,1,18,168
101980457,0,0,3,1
101980442,4,4,130,454
101980432,0,0,2,1
101980426,1,2,31,1
101980423,0,0,1,22286
101980422,0,0,4,1
101980416,0,0,1,22286
101980411,1,1,102,1
101980389,0,0,1,78454
101980382,0,0,1,12685
101980379,0,0,1,858
101980376,0,0,1,22286
101980362,0,0,1,1
101980361,0,0,1,1
101980359,0,0,9,1
101980358,1,1,23,1
101980357,0,0,30,4
101980348,0,0,2,1
101980345,0,0,1,96348
101980333,0,0,1,1
101980329,0,1,3,1
101980328,0,0,6,1
101980327,0,0,3,1
101980315,0,0,1,22286
101980312,1,0,4,1
101980295,0,0,3,1
101980290,0,0,11,2
101980288,3,4,139,1
101980283,0,0,1,1
101980282,0,1,2,1
101980275,0,0,2,10829
101980259,0,0,4,1
101980251,0,0,5,1
101980250,0,0,1,1
101980247,0,0,2,24790
101980244,0,0,8,1
101980234,0,0,1,4689
101980231,1,1,4,2
101980228,1,1,7,54
101980225,0,0,35,103
101980209,0,0,2,76
101980199,4,6,667,16
101980194,0,0,1,2
101980192,0,0,1,1
101980185,0,0,4,6
101980182,0,0,1,1
101980179,0,0,7,1
101980175,0,0,1,60377
101980174,0,0,2,1
101980155,0,0,1,22286
101980152,44,49,937,14
101980143,0,0,2,960
101980135,1,1,13,1
101980133,4,4,82,1
101980132,0,0,1,117148
101980130,0,0,2,9972
101980111,0,0,1,1
101980106,2,2,3,1081
101980105,0,0,1,1
101980102,0,0,1,22286
101980088,0,0,1,8371
101980073,2,2,21,1
101980064,0,0,3,1
101980063,0,0,2,56600
101980054,0,0,3,1
101980051,3,3,2,1
101980040,0,0,2,1
101980037,0,2,17,9
101980031,0,0,1,1
101980030,0,0,3,210
101980024,1,1,17,1
101980016,0,0,2,1
101980014,0,0,1,22286
101980008,0,0,1,135
101980000,1,1,23,1
101979990,0,0,1,4689
101979989,0,0,7,2
101979980,0,0,6,1
101979979,0,0,1,13333
101979977,0,0,1,60378
101979976,0,0,2,348
101979967,0,0,1,1
101979955,1,1,3,1
101979947,1,1,53,1
101979946,0,0,1,4689
101979936,0,0,3,1
101979928,0,0,2,7652
101979927,0,0,1,1
101979926,0,0,1,1
101979920,2,2,10,1
101979909,0,0,2,1
101979900,1,1,1,1
101979897,1,1,3,1
101979889,0,0,2,5
101979885,1,1,2,1
101979883,3,3,26,2525
101979881,0,0,1,1
101979876,0,0,2,1
101979867,0,0,2,1
101979858,3,3,26,1
101979850,0,0,2,1
101979835,0,0,1,152
101979829,0,0,10,22286
101979828,0,0,3,1
101979811,4,4,14,2647
101979804,2,2,1,22286
101979802,0,0,1,1
101979797,1,1,8,50
101979791,0,0,9,22286
101979789,0,0,1,22286
101979784,0,0,1,2
101979780,0,0,1,1
101979777,0,0,1,19277
101979771,0,0,2,22286
101979769,1,0,6,19
101979767,0,0,1,1
101979766,1,0,6,1
101979758,0,0,12,1
101979754,0,0,4,348
101979746,0,0,1,1
101979743,0,0,2,1
101979742,0,0,1,1
101979741,0,0,1,22286
101979733,1,1,11,1
101979721,1,1,13,24
101979694,1,1,10,1
101979692,1,7,55,7
101979688,0,0,8,22286
101979685,0,0,4,1
101979674,0,0,3,1
101979662,2,5,29,1
101979653,3,3,22,1
101979649,0,0,2,1
101979642,0,0,1,1
101979640,0,0,1,1
101979638,0,0,4,1
101979624,0,0,5,1
101979620,0,0,5,17
101979610,2,2,13,1
101979605,0,0,4,1
101979602,1,0,23,25
101979597,0,0,1,1
101979595,6,6,48,2
101979592,0,0,1,22969
101979590,0,0,1,5296
101979589,0,0,1,22286
101979585,0,0,7,9
101979583,1,1,4,1
101979574,0,1,5,4
101979567,0,0,1,1
101979554,0,0,2,56600
101979552,0,0,3,1
101979549,0,0,1,56600
101979541,0,0,3,1
101979525,1,1,8,1
101979522,0,0,4,2
101979510,0,0,2,1
101979509,0,0,1,22286
101979508,0,0,1,4689
101979494,1,1,11,1
101979482,1,1,5,1
101979466,0,0,1,22287
101979443,0,0,1,2
101979440,0,0,2,5296
101979439,1,1,23,1
101979436,0,0,1,1
101979418,14,13,137,316
101979417,1,0,9,22286
101979401,1,2,17,1
101979397,0,0,3,12955
101979394,0,1,7,1
101979380,0,0,7,274
101979376,0,0,3,1
101979369,0,0,1,22287
101979368,0,0,2,22287
101979367,0,0,1,1
101979366,0,0,1,1
101979357,0,0,1,2
101979353,0,0,3,1
101979348,1,1,1,56600
101979344,0,0,1,117149
101979335,0,0,1,47853
101979334,0,0,1,1
101979322,0,0,2,1
101979314,0,0,2,1
101979306,0,0,1,4689
101979305,0,0,6,2
101979302,0,0,1,68
101979295,0,0,1,1
101979283,0,0,10,1
101979270,1,2,9,2
101979267,0,0,6,1
101979266,0,0,1,1
101979255,0,0,1,8562
101979254,0,0,1,1
101979252,1,1,6,1
101979251,0,0,2,1
101979247,0,0,2,1
101979239,0,0,3,1
101979238,1,0,39,42
101979221,1,1,10,1
101979216,1,1,7,1
101979210,0,0,6,1
101979198,1,1,13,1
101979192,1,1,13,1
101979191,1,1,1,1
101979190,3,4,19,1
101979185,0,0,1,27335
101979180,0,0,1,1
101979171,0,0,19,23
101979169,0,0,2,1
101979161,0,0,3,26689
101979160,1,1,12,6
101979154,0,0,1,1
101979153,4,6,1518,1580
101979151,1,1,1,7920
101979145,1,1,1,1
101979143,0,0,2,1
101979138,0,0,1,1
101979135,0,0,1,1
101979132,0,1,13,3
101979124,0,0,2,1
101979121,0,0,1,1
101979120,0,0,9,7
101979117,0,0,2,1
101979113,0,0,2,1
101979108,2,2,40,1
101979102,0,0,2,96349
101979091,0,0,3,235
101979080,0,0,3,1
101979078,0,0,2,96349
101979077,2,2,6,1
101979073,0,0,1,1
101979064,0,0,3,1
101979062,1,1,1,4935
101979060,0,0,1,1
101979057,0,0,3,4689
101979052,0,0,1,1
101979048,0,0,4,32882
101979039,1,0,706,29
101979034,0,1,2,2
101979018,0,0,1,1
101979015,1,2,3,1
101979014,0,0,1,1
101979013,0,1,1,1
101979003,0,0,3,1
101978999,1,1,20,1
101978987,3,3,7,1
101978986,0,0,1,1
101978958,0,0,1,60379
101978956,4,4,19,1
101978942,2,2,9,1
101978939,0,0,1,19277
101978935,0,0,1,4689
101978933,0,0,2,10913
101978926,0,0,5,617
101978903,0,0,1,1
101978893,1,1,2,110
101978890,0,0,68,1
101978888,0,0,1,270
101978887,0,0,1,32882
101978880,0,0,11,18
101978877,0,0,1,1
101978867,1,1,6,1
101978842,0,0,1,1
101978838,0,0,1,37
101978836,1,1,2,1
101978831,3,3,30,390
101978823,0,1,4,2
101978810,0,0,1,1
101978804,0,0,7,27
101978786,0,0,18,1
101978783,0,0,1,4689
101978777,0,0,1,1
101978774,0,0,3,1
101978772,0,0,7,1
101978761,0,0,3,96349
101978760,0,0,1,1
101978759,0,0,2,1
101978756,0,0,2,22424
101978743,0,0,1,1
101978742,0,0,1,1
101978740,0,0,1,4689
101978738,0,0,26,1
101978732,2,2,13,1
101978722,0,0,3,1
101978721,0,0,26,1
101978707,0,0,1,1
101978699,0,0,3,96349
101978697,0,1,1,1
101978695,1,2,5,3
101978693,0,1,34,1
101978674,1,1,6,1
101978671,2,8,29,69
101978664,0,0,2,96349
101978663,0,0,2,1
101978655,0,0,1,1
101978648,0,0,1,4689
101978631,0,0,1,4689
101978629,0,1,24,1
101978626,0,0,1,1
101978620,0,0,1,19277
101978617,4,4,14,1
101978613,0,0,7,1
101978599,1,1,11,1
101978592,0,0,4,1
101978589,0,0,7,38
101978583,0,0,4,1
101978582,0,0,1,4689
101978579,0,0,3,4689
101978574,1,1,4,4935
101978561,0,0,1,1
101978541,4,4,20,407
101978538,1,1,4,1
101978533,5,5,135,47
101978520,0,0,2,22424
101978513,0,0,1,1
101978512,0,0,1,9972
101978508,0,0,2,1
101978502,0,0,1,745
101978497,0,0,1,1
101978496,0,0,3,628
101978494,2,2,23,1
101978489,1,1,3,1
101978479,1,1,2,32882
101978468,0,0,71,1
101978444,0,0,3,96349
101978438,0,0,1,1
101978436,0,0,1,88784
101978434,0,0,1,1
101978433,0,0,2,60379
101978427,0,0,2,1
101978425,0,0,7,1
101978409,1,1,6,1
101978398,0,0,1,1
101978397,1,1,7,1
101978393,1,1,1,1
101978374,0,0,1,1
101978370,0,0,1,4689
101978368,1,1,1,7920
101978366,0,0,1,1
101978359,1,1,1,1
101978354,0,0,1,88784
101978340,1,1,3,1084
101978338,0,0,4,6
101978335,0,0,4,1
101978321,0,0,2,1
101978315,3,3,57,1
101978310,1,3,70,64
101978308,1,1,1,1
101978300,0,0,1,1
101978297,0,0,3,1
101978286,0,0,2,1
101978285,1,1,4,2
101978278,0,0,46,1
101978275,2,4,74,44
101978244,0,0,2,11690
101978242,0,0,1,1
101978241,2,4,8,1
101978235,0,0,1,1
101978233,1,1,1,13333
101978219,0,0,1,34348
101978218,1,2,13,1
101978216,1,2,4,1
101978214,0,0,3,1
101978213,0,0,13,25
101978210,0,0,1,1
101978195,0,0,1,10617
101978193,0,0,8,2070
101978186,0,0,2,6615
101978183,0,0,1,117151
101978176,0,0,1,1
101978174,0,0,2,33809
101978171,1,1,1,1
101978161,0,0,1,1
101978153,1,1,64,1
101978149,0,0,6,154
101978148,0,0,1,1
101978144,0,0,1,1
101978141,0,0,2,26675
101978138,0,0,1,1
101978136,0,0,1,1
101978135,0,0,6,1
101978133,0,0,1,568
101978125,0,0,1,1
101978122,0,0,1,1
101978103,0,0,9,1
101978101,0,0,3,88784
101978094,0,0,1,1
101978088,0,0,27,1
101978086,0,0,3,1
101978075,1,1,1,1
101978071,0,0,5,515
101978060,0,0,7,1
101978059,3,3,32,13
101978055,0,0,3,7
101978054,0,0,1,4689
101978051,0,0,5,1
101978049,0,0,2,6
101978041,1,1,23,2
101978035,0,0,1,1
101978025,0,0,1,19277
101978011,0,0,1,1124
101978007,0,0,1,1924
101978003,0,0,2,1
101977999,0,0,5,1
101977994,1,1,1,34348
101977983,0,0,1,1
101977982,0,1,2,1
101977979,0,0,2,1
101977931,10,10,150,4
101977929,0,0,4,1
101977927,0,0,1,1
101977921,0,0,1,1
101977912,0,0,1,1
101977909,0,0,5,144
101977905,0,1,3,1
101977904,0,0,1,3
101977894,0,0,1,9972
101977893,0,0,6,7
101977888,0,0,3,1
101977886,0,0,1,4936
101977883,0,0,1,1070
101977872,0,0,1,5422
101977868,0,0,1,5422
101977859,0,0,8,1
101977858,0,0,1,5422
101977848,0,0,6,1
101977823,3,2,21,1
101977814,0,0,2,439
101977813,0,0,2,88784
101977810,0,0,1,1
101977803,0,0,1,1
101977798,0,0,6,1
101977779,0,0,1,1
101977777,1,1,26,103
101977769,0,0,5,1
101977768,0,0,1,1
101977766,0,0,2,117151
101977764,0,0,3,42121
101977761,0,0,3,1
101977753,1,1,2,1
101977751,0,0,3,1
101977750,0,0,34,2
101977746,0,0,2,1
101977741,0,2,21,1
101977736,0,0,1,1
101977725,0,0,3,1
101977715,1,0,2,1
101977709,0,0,3,1
101977699,0,0,10,1
101977694,1,1,7,1
101977686,1,1,5,1225
101977681,0,0,8,1
101977679,0,1,22,1
101977663,1,1,3,1
101977658,0,0,2,1
101977656,0,0,1,1
101977648,0,0,20,1
101977643,1,1,14,1
101977639,0,0,3,1
101977634,0,0,1,1
101977621,0,0,1,19
101977613,0,0,3,1
101977611,2,2,4,1
101977610,0,0,12,1
101977595,1,1,58,1
101977587,0,0,3,1
101977585,0,0,2,1
101977580,0,0,3,1
101977555,0,0,1,1
101977553,1,1,5,1
101977551,0,0,1,1
101977549,0,0,1,1
101977548,0,0,1,26689
101977547,0,0,1,1
101977540,2,2,26,7
101977538,0,0,1,1
101977535,0,0,2,1
101977530,0,0,5,1
101977514,0,0,7,1
101977511,0,0,1,1
101977510,0,0,2,1
101977509,0,0,2,1
101977507,1,1,8,1
101977492,1,1,19,138
101977490,4,4,10,149
101977474,0,0,2,4080
101977469,0,0,6,1
101977458,3,3,28,1
101977457,0,0,1,1
101977440,0,0,4,290
101977439,1,1,6,2
101977431,0,0,11,8
101977430,0,0,5,2
101977429,1,2,137,4
101977428,1,1,10,60379
101977423,0,0,1,1
101977414,0,0,1,1
101977412,0,1,2,286
101977407,0,0,5,16
101977398,0,0,3,1
101977396,1,1,21,1
101977392,0,0,1,1
101977389,0,0,1,1
101977384,0,0,1,1
101977372,0,0,6,1
101977371,0,0,4,1
101977363,0,0,2,1
101977347,0,0,2,1
101977344,0,0,1,117151
101977342,2,3,21,11
101977341,0,0,10,7583
101977334,0,0,2,1
101977330,0,0,1,1
101977327,0,0,1,1
101977325,0,0,2,1
101977319,0,0,6,2
101977309,0,0,6,1
101977298,0,0,2,1
101977297,1,1,27,1
101977292,0,0,3,2
101977286,0,0,1,60379
101977284,0,0,1,368
101977282,0,0,7,2
101977273,2,2,11,1
101977268,0,0,1,1
101977267,1,2,83,1
101977257,0,0,1,1
101977256,0,1,25,2
101977247,0,0,3,1
101977246,1,1,1,1
101977245,2,2,12,194
101977239,0,0,2,1
101977237,0,0,7,1
101977235,2,2,25,1
101977225,0,0,7,1
101977221,0,0,2,1
101977212,0,0,3,6615
101977206,0,0,18,1
101977204,0,0,2,60379
101977201,2,2,112,1
101977200,0,0,1,1
101977199,0,0,2,1
101977184,0,0,1,1
101977178,1,1,2,1
101977172,0,0,2,5418
101977169,6,5,58,3
101977165,0,0,2,1
101977162,0,0,2,1
101977161,0,0,2,422
101977160,0,0,4,3
101977154,1,1,8,428
101977151,1,1,3,1
101977148,0,0,9,1
101977143,5,5,96,1
101977142,0,0,3,1
101977140,0,0,1,1
101977139,0,0,3,1
101977123,0,0,2,1
101977089,0,0,6,745
101977082,0,0,13,1
101977074,0,0,2,1
101977069,0,0,1,1
101977050,0,0,2,19871
101977048,0,0,1,1
101977046,0,0,2,1
101977045,0,0,1,27937
101977043,0,0,2,1
101977028,2,2,55,1
101977026,3,3,28,3
101977025,0,0,2,1
101977024,0,0,1,19277
101977022,0,0,1,1
101977020,0,0,1,1
101977012,0,0,6,1
101977003,1,1,3,22424
101976998,0,0,17,1
101976996,0,0,1,1
101976992,0,0,10,1
101976990,0,0,1,1
101976989,0,0,1,1
101976988,0,0,5,1
101976979,0,0,1,117151
101976978,1,1,27,62
101976977,0,0,1,10621
101976968,0,0,2,1
101976967,1,1,41,60
101976966,0,0,1,1092
101976964,0,0,1,1
101976963,0,0,4,1
101976962,0,0,1,32882
101976950,1,1,1,1
101976942,0,0,2,1
101976930,0,0,1,95670
101976927,0,0,2,1
101976925,0,0,4,1
101976923,0,0,7,1
101976922,0,0,3,1
101976920,0,0,3,2
101976918,0,0,1,1
101976908,0,0,4,1
101976896,0,0,5,1
101976888,0,0,2,106
101976882,0,0,3,60379
101976879,1,1,36,1
101976876,1,1,6,1
101976872,0,0,2,1
101976867,0,0,1,1
101976851,0,0,2,1
101976847,0,0,2,1
101976846,0,0,51,53
101976844,0,0,2,60379
101976820,0,0,2,1
101976795,0,0,22,1
101976794,0,0,1,1
101976791,0,0,61,7
101976777,1,1,3,1
101976770,0,0,1,1
101976756,0,0,2,1
101976753,0,0,1,1
101976731,0,0,5,1
101976717,3,3,45,1
101976712,0,1,28,4
101976695,0,0,17,1
101976694,0,0,2,1
101976684,0,0,2,1
101976678,0,0,1,23963
101976677,0,0,4,1
101976675,1,1,4,1
101976668,1,1,13,1
101976655,0,0,1,60379
101976650,0,0,2,1
101976647,5,5,64,2
101976642,0,0,1,1
101976624,0,0,2,1
101976621,0,0,7,1
101976620,0,0,2,1
101976619,0,0,5,1
101976616,0,0,2,1
101976607,0,0,1,1
101976604,0,0,2,1
101976603,0,0,27,1
101976601,0,0,5,78454
101976598,0,0,3,24697
101976590,0,0,1,60379
101976578,0,0,2,1
101976571,0,0,1,1
101976559,0,0,1,1
101976545,0,0,1,1
101976543,2,3,36,1
101976538,0,0,1,1
101976537,1,1,9,173
101976534,0,0,7,1
101976527,0,0,39,1
101976520,0,0,1,1
101976518,0,0,2,1
101976500,3,4,10,1
101976496,1,1,1,1
101976487,0,0,1,26689
101976478,0,0,4,1
101976473,3,3,42,1
101976471,0,0,1,12956
101976455,0,0,2,1
101976452,0,0,2,1
101976450,0,0,6,1
101976446,0,0,1,60379
101976445,0,0,1,568
101976437,1,1,5,1
101976434,0,0,5,1
101976433,0,0,1,1
101976431,0,0,2,1
101976429,0,0,1,60379
101976428,0,0,6,1
101976426,0,0,6,435
101976425,6,6,8,117151
101976422,0,0,1,1
101976420,0,0,3,1
101976419,0,0,3,1
101976415,0,1,2,1
101976380,0,0,2,1
101976377,0,0,2,1
101976375,1,1,1,1
101976368,0,0,5,1
101976367,0,0,1,1
101976364,0,0,2,1
101976361,0,0,1,1
101976358,0,0,8,1
101976342,0,0,49,1
101976340,0,0,1,96350
101976338,0,0,2,1
101976330,0,0,7,1
101976325,0,0,1,24834
101976319,0,0,1,60380
101976317,0,0,1,96350
101976309,0,0,1,210
101976289,0,1,1,1
101976288,0,0,1,60380
101976285,0,0,1,1
101976275,0,2,29,5
101976270,0,0,2,1
101976265,1,1,3,1
101976253,0,0,3,19871
101976249,0,0,1,1
101976245,2,2,12,1
101976243,0,1,52,27
101976240,5,5,16,1
101976239,0,0,1,18830
101976233,0,2,35,1
101976231,0,0,2,1
101976227,0,0,4,34
101976226,0,0,2,1
101976222,0,0,3,1
101976219,0,0,2,1
101976216,0,0,1,1
101976215,1,1,5,1
101976206,3,3,69,6
101976204,0,0,1,1
101976195,0,0,4,1
101976193,0,0,2,47855
101976179,0,0,2,1
101976164,0,0,5,19871
101976148,2,2,8,1
101976140,0,0,1,1
101976137,4,5,33,1
101976136,0,0,1,96350
101976132,2,1,68,48
101976131,1,1,3,1
101976128,23,23,515,4
101976125,0,0,2,1
101976118,1,1,8,1
101976117,0,0,1,25307
101976088,0,0,2,1
101976087,0,0,1,1
101976064,2,2,9,1
101976058,0,0,8,1
101976054,0,0,1,56604
101976050,0,0,1,1
101976049,0,0,1,1
101976045,0,0,5,2
101976038,0,0,10,42
101976037,0,0,2,1
101976035,0,0,1,1
101976033,0,0,3,1
101976004,0,0,4,2
101976002,0,0,1,1
101975997,0,0,1,60380
101975992,0,0,2,1
101975990,0,0,1,56604
101975989,0,0,1,1
101975983,0,0,6,1
101975981,0,0,1,18830
101975974,0,0,1,1
101975971,0,0,1,1
101975963,0,0,12,1
101975956,0,0,3,1
101975955,5,4,25,1
101975946,0,0,26,1
101975936,1,1,1,1
101975935,0,0,1,1
101975932,5,5,17,1
101975916,0,0,1,56604
101975913,0,0,3,22424
101975911,1,0,21,1
101975902,0,0,2,1
101975881,0,0,2,10621
101975868,0,1,12,2
101975865,1,1,2,1
101975855,1,1,2,1
101975849,0,0,1,1
101975838,0,0,7,1
101975836,0,0,1,18830
101975832,0,0,2,1
101975830,0,1,4,1
101975827,0,0,10,1
101975820,0,0,1,96350
101975810,1,1,1,1
101975805,0,0,2,1
101975803,0,0,1,1
101975797,0,0,2,1
101975796,0,0,1,60380
101975786,0,0,1,10621
101975785,0,0,1,1
101975778,0,0,11,11
101975765,1,1,4,1
101975760,0,0,9,1
101975740,0,0,1,15755
101975730,0,0,3,1
101975713,1,1,2,88785
101975705,0,0,2,1
101975698,0,0,12,42
101975697,1,2,90,1
101975689,0,0,1,1
101975681,0,0,2,1
101975675,0,0,1,8371
101975672,0,0,9,1
101975671,0,0,8,2
101975663,0,0,1,3499
101975659,0,0,2,1
101975648,0,0,1,56604
101975643,2,2,2,1
101975632,0,0,4,1
101975613,4,4,9,117151
101975606,0,0,1,2
101975604,0,0,1,1
101975602,0,0,2,1
101975601,0,0,5,1
101975595,0,0,1,28507
101975587,0,0,1,1
101975575,0,0,2,1
101975574,0,0,3,368
101975571,0,0,2,192
101975566,0,0,3,1
101975557,0,0,1,60380
101975552,0,0,1,27339
101975546,0,0,6,14
101975545,0,0,15,1
101975542,1,1,2,1
101975541,0,0,2,1
101975538,0,0,1,1
101975525,0,0,1,14868
101975522,0,0,7,1
101975508,0,0,1,1
101975507,0,0,1,1
101975503,0,0,1,1
101975502,0,0,1,1
101975499,1,1,15,1
101975487,1,1,16,1
101975477,0,1,1,6134
101975463,0,0,2,1
101975461,6,6,359,5
101975454,0,0,3,2
101975436,0,0,2,1
101975425,1,1,9,10
101975418,0,0,116,2
101975411,0,0,1,1
101975392,0,0,2,1
101975386,2,2,30,1
101975381,0,0,1,10284
101975377,3,5,94,1
101975372,0,0,1,8714
101975370,1,1,3,229
101975364,0,1,1,1
101975356,0,0,1,1
101975351,0,0,3,1
101975343,0,0,1,13334
101975341,8,11,1779,6
101975337,2,2,7,70
101975332,0,0,2,1
101975329,0,0,3,28183
101975327,0,0,6,1
101975323,0,0,3,1
101975322,1,1,1,1
101975311,0,0,12,1
101975305,0,1,7,1
101975298,0,0,1,29178
101975297,1,1,33,8
101975296,1,1,7,1
101975276,1,1,2,11107
101975262,0,0,6,1
101975256,1,1,1,1
101975255,0,0,1,1
101975252,0,0,1,1
101975249,0,0,1,1
101975238,0,1,14,17
101975235,0,0,1,1
101975228,0,0,1,1
101975210,1,1,3,270
101975207,0,0,2,1
101975187,0,0,4,4
101975182,0,0,1,1
101975175,2,4,337,1
101975161,0,0,4,1
101975160,0,0,9,1
101975155,0,0,1,108
101975148,0,0,14,22972
101975144,0,0,9,1
101975140,0,0,6,1
101975139,2,2,16,1
101975131,0,0,1,95670
101975126,0,0,13,2
101975116,0,0,3,1
101975113,0,0,1,1
101975105,0,0,2,1
101975099,0,0,2,1
101975094,0,0,1,12821
101975090,1,1,13,2
101975088,0,0,3,17
101975078,0,0,2,1
101975076,0,0,4,1
101975075,0,0,2,1
101975070,0,0,9,1
101975068,0,0,3,1
101975051,0,0,2,6617
101975043,0,0,1,1
101975032,1,1,1,1
101975025,0,0,1,1
101975019,0,0,2,1
101975014,2,2,4,1
101975012,0,0,1,1
101975003,4,5,94,785
101974997,0,0,1,1
101974996,0,0,1,88785
101974991,0,0,1,1
101974987,0,0,1,1
101974986,0,2,29,1
101974979,0,0,2,1
101974970,0,0,3,7652
101974967,0,0,1,1
101974961,0,0,1,1
101974957,0,0,9,1
101974954,0,0,5,1
101974950,0,0,1,1
101974940,0,0,6,96351
101974938,0,1,1,1
101974936,0,0,1,1
101974934,0,0,7,9
101974932,0,0,1,1
101974926,0,0,1,1
101974920,0,0,1,95670
101974915,0,0,9,5
101974911,0,0,1,1
101974905,0,0,10,3
101974901,0,1,25,6
101974896,0,0,3,161
101974889,0,0,5,8
101974885,0,0,2,1
101974882,1,1,4,1413
101974876,0,0,1,385
101974871,0,0,8,2
101974861,0,0,3,1
101974854,0,0,2,1
101974849,0,0,3,2
101974845,0,0,9,1
101974842,0,0,9,27
101974835,0,0,1,1
101974819,0,0,1,60383
101974816,1,1,35,1
101974810,0,0,16,3
101974794,0,0,1,1
101974793,0,0,8,1
101974778,1,3,15,1
101974771,0,0,1,1
101974768,0,0,2,1
101974756,0,0,3,1
101974749,3,5,34,1
101974744,3,3,286,1
101974743,0,0,1,1
101974726,0,0,1,1
101974717,1,1,3,1
101974715,1,1,337,2982
101974712,0,0,7,1
101974710,0,0,93,2
101974708,0,0,1,10286
101974706,0,0,1,1
101974701,0,0,3,1
101974690,3,3,70,2
101974667,0,0,2,7652
101974662,0,0,1,1
101974658,0,0,5,1
101974650,0,0,7,1
101974646,0,0,102,3
101974644,0,1,2,1
101974638,0,0,1,1
101974633,0,0,15,7
101974623,0,0,15,2
101974620,0,0,1,1
101974616,0,0,1,73
101974602,3,4,62,1
101974599,1,1,3,1157
101974595,0,0,1,1
101974592,0,0,1,1
101974587,0,0,13,4
101974585,0,0,18,1
101974584,0,0,1,7920
101974578,0,0,1,33809
101974576,0,0,1,1
101974574,0,0,1,185
101974572,3,3,46,4189
101974556,1,2,22,1
101974543,0,0,1,1
101974540,0,0,4,22
101974535,0,0,6,1
101974533,0,0,1,1
101974531,8,6,86,3
101974499,1,1,2,1
101974498,0,0,1,1
101974478,0,0,1,1
101974476,6,6,202,2
101974466,6,7,29,1
101974461,1,0,1,1
101974460,0,0,4,1
101974456,0,0,4,1
101974451,0,0,1,1
101974445,2,3,6,1
101974431,0,0,2,10286
101974429,5,5,33,568
101974428,0,0,13,28
101974406,0,0,2,2
101974404,0,0,3,1
101974400,0,0,2,1
101974387,1,1,11,1
101974385,0,0,1,1
101974382,1,1,5,1
101974381,1,2,13,1
101974377,0,0,4,1
101974375,0,0,2,1
101974358,0,0,10,1
101974357,1,2,10,1
101974356,0,0,1,1151
101974350,1,1,1,1
101974346,0,0,22,1
101974345,1,1,18,2
101974340,0,0,2,1
101974330,0,1,24,1
101974323,2,2,14,2950
101974303,2,6,42,1
101974302,1,1,7,1
101974289,0,0,1,1
101974280,0,0,231,265
101974275,0,0,1,1
101974257,0,0,7,1
101974247,0,0,1,1
101974243,0,0,2,1
101974241,1,1,3,1
101974240,0,0,3,2
101974221,1,1,1,1
101974220,0,0,35,1
101974212,3,3,37,2
101974198,0,0,2,28183
101974188,0,0,2,60386
101974183,0,0,2,1
101974170,0,0,4,1
101974162,1,1,1,1
101974159,0,0,1,590
101974140,2,2,20,1
101974135,0,0,22,22973
101974133,0,0,6,1
101974104,1,0,14,1
101974099,0,0,1,5563
101974095,0,0,3,1
101974092,0,0,1,60386
101974091,0,0,1,1
101974085,0,0,1,1
101974074,0,0,1,60386
101974057,13,14,83,3
101974053,0,0,2,1
101974036,0,0,5,1124
101974033,0,0,8,27
101974029,0,0,2,1
101974019,0,0,3,478
101974017,0,0,1,26676
101974006,0,0,1,1
101974004,0,0,4,56605
101974003,0,0,2,1
101973997,0,0,1,1
101973988,0,0,15,1
101973987,0,0,4,16551
101973983,0,1,12,1
101973981,0,0,5,1
101973976,0,0,2,1
101973974,3,3,15,3
101973972,3,3,9,1
101973970,0,0,10,1
101973963,0,0,1,1
101973955,0,0,1,1
101973951,2,2,164,1
101973948,0,0,2,1
101973939,0,0,1,1
101973936,0,0,1,1
101973932,0,0,1,1
101973930,4,4,9,2
101973929,0,0,5,1
101973918,1,1,71,1
101973917,3,3,20,1
101973912,0,0,1,22424
101973907,0,0,2,1
101973906,0,0,6,1
101973892,0,0,2,18009
101973877,0,0,1,1
101973876,0,0,2,1
101973869,0,0,1,1
101973867,1,1,6,1
101973861,2,2,7,1
101973848,0,0,1,60387
101973846,0,0,1,1
101973838,0,0,4,1
101973836,1,0,108,2950
101973829,0,0,1,26676
101973828,0,0,3,1
101973820,0,0,23,1
101973813,0,0,3,1413
101973808,0,1,35,36
101973807,6,12,278,1
101973796,0,0,4,1
101973795,1,3,8,1413
101973784,0,0,2,1
101973768,0,0,6,3
101973766,0,0,3,1
101973744,0,0,1,1
101973731,0,0,1,1
101973722,0,0,1,22424
101973717,0,0,33,126
101973716,0,0,1,1
101973715,0,0,1,1
101973711,0,0,1,1
101973706,0,0,1,1
101973692,0,0,3,1466
101973679,0,0,289,329
101973678,0,0,1,60387
101973666,0,0,2,1
101973659,0,1,3,1
101973645,1,1,5,1
101973644,0,0,2,1
101973639,2,2,27,1
101973636,0,1,5,2
101973629,0,0,3,1
101973628,0,0,2,1
101973625,0,0,2,1
101973615,0,0,2,1
101973605,0,2,13,803
101973601,1,2,2,1
101973589,0,0,1,1
101973584,0,0,8,1
101973578,0,0,5,69
101973567,1,1,85,1
101973534,0,0,2,1
101973530,0,0,10,1
101973529,0,0,1,1
101973523,1,1,2,77
101973515,2,1,14,1
101973508,0,0,5,3
101973490,0,0,1,78456
101973487,4,7,49,3
101973480,0,0,2,1
101973478,0,0,22,106
101973473,0,0,3,22287
101973472,0,0,1,27339
101973468,0,1,1,88786
101973463,0,0,1,1
101973461,0,0,2,12
101973460,0,0,3,1
101973456,10,9,131,14
101973445,0,0,1,1
101973437,1,1,5,14
101973435,1,0,7,95671
101973428,0,0,20,1
101973424,4,4,7,117145
101973414,4,3,2,117155
101973404,0,0,8,9
101973400,1,2,7,1
101973391,29,33,3340,13
101973379,0,0,1,99
101973378,0,1,5,1
101973372,22,22,438,1
101973358,0,0,4,1
101973357,0,0,1,6265
101973356,0,0,10,1
101973351,0,0,2,1
101973347,3,4,94,1
101973345,1,0,6,1
101973344,1,1,3,1
101973339,0,0,5,454
101973327,0,0,1,18830
101973324,5,5,14,1
101973322,0,0,1,1
101973321,0,0,2,1
101973318,0,0,1,1
101973310,0,0,7,1
101973305,0,0,2,1
101973294,0,0,1,3
101973277,0,1,84,8
101973276,0,0,2,7920
101973261,0,0,2,1
101973255,0,0,1,1
101973249,2,1,2,1
101973245,0,0,3,1
101973223,1,1,15,1
101973215,0,0,1,78456
101973211,0,0,1,1
101973210,0,0,2,1
101973206,0,0,5,6
101973191,1,1,16,92
101973175,0,0,1,1
101973174,1,1,8,1
101973170,13,14,167,2
101973158,0,0,1,12821
101973153,2,3,155,1211
101973152,0,0,26,1
101973150,0,0,4,3
101973147,0,0,6,1
101973144,0,0,1,1
101973143,8,12,110,60
101973141,0,0,1,1
101973132,0,0,1,1
101973128,5,5,7,117155
101973119,0,2,9,1
101973118,0,0,2,1
101973114,1,1,1,1
101973101,0,0,1,56605
101973098,0,0,1,1
101973081,1,1,1,1
101973078,0,0,1,22287
101973077,0,0,2,60387
101973058,0,0,15,25
101973056,3,3,7,117155
101973051,2,2,11,117155
101973045,0,0,1,1
101973043,0,0,2,2
101973040,0,0,2,697
101973036,1,1,2,88787
101973023,1,1,1,1
101973021,1,1,21,1
101973016,10,14,64,2
101973007,0,0,42,27
101972997,0,0,4,1
101972996,3,4,25,1
101972984,0,0,1,47859
101972954,0,0,4,78456
101972950,0,0,8,18
101972949,27,39,135,1
101972948,0,0,2,88787
101972947,0,0,14,3
101972932,0,1,1,1
101972929,0,1,6,1
101972925,0,0,1,1
101972919,6,7,17,117155
101972912,4,6,25,117149
101972904,0,0,2,1062
101972902,0,0,3,1
101972897,6,6,3,117155
101972893,0,0,1,18830
101972891,0,0,1,78456
101972856,0,0,1,88787
101972846,0,0,1,1
101972844,1,2,33,1
101972836,2,3,42,1
101972832,0,0,1,2429
101972826,0,0,2,88787
101972821,0,0,1,1
101972813,0,0,1,88787
101972806,1,1,3,1
101972805,0,0,2,1
101972802,0,0,1,1
101972797,0,0,2,8
101972792,0,0,29,1
101972788,0,0,1,88787
101972775,0,1,7,1
101972771,0,0,4,1
101972765,0,0,2,96351
101972760,0,1,4,3
101972756,0,0,2,1
101972753,2,2,10,3
101972728,0,1,18,39
101972718,0,0,4,1
101972709,0,1,1,1
101972705,0,0,1,88788
101972703,0,0,2,1
101972701,0,0,13,1
101972694,1,1,40,12
101972692,1,1,41,136
101972690,0,0,1,1
101972672,0,0,1,1
101972671,0,0,1,88788
101972668,0,0,3,6698
101972655,13,13,817,3216
101972652,0,0,1,88788
101972651,1,1,5,1
101972649,0,0,2,1
101972647,0,0,1,1
101972643,1,1,5,3
101972640,0,0,1,1
101972628,1,1,7,11
101972612,1,1,5,1
101972610,0,0,2,88788
101972602,0,0,3,1
101972587,0,1,13,1
101972576,0,0,2,1
101972573,0,0,1,1924
101972572,3,3,34,1
101972567,0,0,48,10
101972559,1,1,1,60387
101972553,0,0,1,1449
101972540,1,1,4,1
101972535,1,1,12,13
101972529,0,0,2,590
101972528,3,4,39,1
101972527,3,1,51,1
101972526,0,0,1,1
101972520,1,0,8,3
101972512,0,0,48,6
101972491,0,0,2,24701
101972490,0,0,2,271
101972488,0,0,2,1
101972485,0,0,1,19872
101972479,5,8,367,137
101972476,0,0,5,192
101972443,0,0,6,1
101972437,0,1,1,1376
101972424,0,0,4,1
101972415,0,0,2,1
101972403,0,0,10,6
101972401,0,0,1,1
101972398,0,0,1,6982
101972384,0,0,1,19872
101972378,0,0,7,1
101972375,3,4,66,6
101972373,0,0,1,1
101972370,0,0,1,1
101972366,1,2,23,5
101972364,0,0,2,1
101972361,0,0,2,1
101972352,1,1,6,1
101972350,0,0,2,88788
101972340,0,0,3,1
101972333,5,4,28,1
101972331,0,0,4,288
101972330,18,22,348,608
101972328,0,0,7,12
101972326,0,0,11,88788
101972320,0,0,2,1
101972313,0,0,43,1
101972297,0,0,1,1
101972289,0,0,4,88788
101972279,10,7,187,4
101972278,0,0,1,78456
101972261,0,0,1,1
101972255,1,1,112,9920
101972244,0,0,2,60387
101972227,1,1,4,1413
101972219,0,0,1,88790
101972210,0,0,3,24701
101972203,1,1,2,1
101972182,0,0,30,1
101972177,0,0,4,1
101972157,0,0,1,1
101972136,0,1,6,1
101972134,2,2,4,10617
101972130,0,0,1,22
101972129,0,0,3,1
101972127,0,0,3,1
101972125,0,0,2,192
101972105,1,2,34,1
101972102,0,0,2,1
101972100,0,0,4,2
101972080,0,0,1,117156
101972074,0,0,1,88791
101972071,0,0,1,117156
101972066,2,3,44,318
101972063,1,3,27,1
101972058,2,2,19,1
101972045,0,0,14,1
101972036,0,0,2,10182
101972027,1,1,3,1
101972024,0,0,1,26677
101972020,0,0,8,1
101972011,1,1,16,1
101972007,1,1,3,1
101971996,0,0,1,154
101971994,1,1,7,12
101971993,0,0,1,1
101971987,1,1,5,1
101971977,0,0,1,1
101971972,0,0,9,1
101971964,0,0,1,32885
101971954,0,0,12,1
101971951,1,2,15,2
101971947,0,0,3,2
101971946,0,0,1,1
101971941,0,0,6,1
101971925,0,0,1,1
101971904,0,0,1,10617
101971897,0,0,32,1
101971896,0,0,1,88807
101971895,0,1,10,39
101971889,3,3,3,1
101971886,0,0,5,1
101971884,1,1,1,27937
101971882,0,0,3,3
101971874,0,0,1,27340
101971872,0,0,1,1
101971870,0,0,1,78457
101971866,0,0,1,1
101971859,0,0,2,1
101971823,2,3,31,1
101971817,0,0,1,1
101971799,0,0,1,1
101971793,0,0,4,1
101971787,0,1,4,1
101971773,0,0,1,78457
101971770,0,0,1,78457
101971768,0,0,1,88807
101971766,0,0,2,56605
101971753,0,0,1,78457
101971752,0,0,2,1
101971727,0,0,1,1
101971724,2,2,56,15
101971723,0,0,1,78457
101971720,3,5,23,538
101971702,0,0,1,78457
101971696,0,0,9,2
101971694,0,0,1,26677
101971693,0,1,1,78457
101971676,0,0,1,26677
101971672,0,0,2,1
101971670,0,0,1,78457
101971660,0,0,1,23965
101971655,0,0,3,26677
101971653,0,0,3,1
101971625,0,0,1,1
101971618,6,7,20,2
101971608,9,9,161,4
101971606,11,12,179,12
101971600,0,0,1,1
101971594,0,0,1,2901
101971583,0,0,1,60387
101971582,0,0,3,2
101971569,0,0,1,1
101971561,0,0,1,4080
101971556,0,0,2,1
101971540,2,3,16,2070
101971539,1,1,13,1
101971536,0,0,1,4728
101971525,0,0,1,1
101971523,1,1,1,1
101971521,7,9,32,1
101971508,0,0,2,5
101971477,0,1,36,1
101971469,0,0,2,88807
101971463,0,0,6,1
101971429,0,0,3,1740
101971428,0,0,4,2
101971427,0,0,8,1
101971423,1,2,2,1
101971420,0,0,2,1
101971419,0,0,2,1
101971417,5,8,98,1081
101971415,1,1,1,12821
101971403,0,0,3,88808
101971399,0,0,1,590
101971394,2,2,18,16
101971385,0,0,4,526
101971383,1,1,7,27340
101971378,0,0,1,1
101971377,0,0,1,88808
101971374,1,1,3,1
101971370,2,2,25,5
101971364,0,0,1,1
101971359,2,2,22,2
101971353,0,0,1,88808
101971349,0,0,3,3
101971345,0,0,2,56605
101971344,1,1,5,1
101971342,0,0,10,3
101971325,1,1,2,1
101971321,0,0,2,6831
101971313,0,0,25,1
101971311,0,0,6,88808
101971298,4,5,44,4
101971291,0,0,2,1
101971284,1,1,37,82
101971277,0,0,6,1
101971259,0,0,2,1
101971253,0,0,1,96354
101971243,0,0,2,1
101971211,0,0,22,1
101971196,0,0,7,1
101971194,0,0,1,1
101971181,0,1,41,1
101971177,0,0,2,14
101971173,0,0,1,78457
101971142,0,0,1,58
101971139,0,0,1,27340
101971115,6,6,58,1
101971107,1,1,1,8371
101971104,0,1,5,1
101971102,3,3,10,1
101971097,1,1,4,1
101971095,0,0,2,1
101971082,0,0,1,1
101971076,1,1,6,439
101971064,0,0,6,216
101971054,0,1,1,1
101971033,0,0,1,1
101971032,0,0,9,82
101971030,0,0,15,1
101971023,0,0,3,1
101971012,0,0,1,1
101971011,0,0,1,1
101971005,0,0,3,1
101970986,0,0,4,1
101970983,0,0,1,19873
101970978,0,0,1,1
101970971,0,0,1,1
101970969,0,0,1,8371
101970964,0,0,3,590
101970958,0,0,1,1
101970957,2,3,75,1
101970953,1,1,1,1
101970950,0,0,2,1
101970947,0,0,3,1413
101970937,4,4,14,1
101970935,0,0,1,7271
101970928,0,0,1,28546
101970921,0,0,1,1
101970917,0,0,1,16004
101970913,0,1,1,1
101970910,3,4,59,2
101970898,0,0,1,1
101970892,0,0,1,8730
101970889,0,0,2,7652
101970888,0,0,2,1
101970872,3,2,190,1
101970863,1,0,118,2
101970862,0,0,2,1
101970861,0,0,6,1
101970859,0,0,5,1
101970851,0,0,1,1
101970850,0,0,1,1
101970846,0,0,2,3
101970842,0,0,2,1
101970839,0,0,3,1
101970837,0,0,1,1124
101970830,0,0,1,60388
101970825,1,1,186,1
101970822,0,0,2,12821
101970818,0,0,2,1
101970817,3,2,480,938
101970816,0,0,1,60388
101970815,0,0,1,1
101970814,0,0,3,1
101970813,0,0,1,15755
101970807,0,0,1,12821
101970806,2,1,3,1
101970802,0,0,1,1
101970800,2,2,61,2333
101970796,0,0,6,1
101970793,0,0,1,1
101970791,1,2,46,1
101970784,0,0,1,7920
101970776,0,0,2,1
101970775,0,0,1,1
101970756,14,21,250,2
101970753,0,0,1,1
101970751,0,0,8,170
101970747,0,0,6,3
101970745,0,0,3,1
101970742,0,0,2,1
101970731,2,3,109,7
101970730,0,0,2,1
101970726,2,2,4,1
101970720,0,0,2,1
101970719,0,0,12,1
101970717,4,5,30,16
101970700,0,0,1,95671
101970698,0,0,3,1
101970697,0,0,1,1
101970690,2,2,20,1
101970689,0,0,1,1
101970687,0,0,18,1
101970682,0,0,1,2901
101970673,0,0,2,1
101970665,0,0,1,8562
101970660,0,0,7,1
101970657,0,0,2,24701
101970653,0,0,1,1
101970652,6,6,136,2
101970650,0,0,1,1
101970648,0,0,1,8562
101970645,0,0,1,60389
101970642,0,0,2,10
101970636,0,0,1,1
101970635,0,0,11,11
101970634,0,0,1,1
101970628,5,6,239,2
101970620,0,0,1,1
101970599,0,0,1,7920
101970589,1,2,2,1
101970582,0,0,1,12821
101970578,0,0,3,1
101970566,0,0,7,745
101970565,0,0,1,34349
101970558,0,0,1,8371
101970556,0,0,1,95671
101970546,8,9,517,5
101970543,2,4,148,7050
101970535,0,0,8,65
101970531,0,0,9,1
101970525,0,0,6,1
101970513,2,2,2,1
101970509,0,0,1,1
101970507,0,0,11,9
101970496,1,1,1,1
101970492,0,0,1,1
101970486,0,1,36,17
101970481,1,2,9,1
101970474,0,0,3,1
101970467,0,0,1,96356
101970457,0,0,1,1
101970453,0,0,2,1
101970451,23,25,417,3
101970447,1,1,17,1
101970443,0,0,1,1
101970440,0,0,1,1
101970433,0,0,61,2
101970427,0,0,1,1
101970411,0,0,3,1
101970406,0,0,4,1
101970405,1,1,97,1
101970394,0,0,1,15755
101970391,0,0,1,1
101970388,0,0,1,1
101970380,0,0,1,1
101970367,0,0,8,1
101970365,0,0,1,4936
101970356,0,0,1,1
101970339,0,0,1,1
101970338,1,0,5,57
101970333,0,0,1,1
101970313,0,0,5,693
101970303,0,0,10,1
101970299,0,0,1,1
101970265,0,0,1,1
101970262,1,2,4,2
101970258,0,0,1,18008
101970253,0,0,1,1
101970251,0,0,1,1
101970233,0,0,2,1
101970221,9,10,141,33
101970211,0,0,3,1
101970207,0,0,3,1
101970192,3,3,100,1
101970183,0,0,3,1
101970176,1,1,4,1
101970171,2,1,4,1
101970170,0,0,9,1
101970169,0,0,1,2
101970166,1,1,2,1
101970164,0,0,6,1
101970162,0,0,1,1
101970146,1,2,10,2
101970145,1,2,2,1
101970137,0,0,1,1
101970135,0,0,2,87
101970131,0,0,1,19873
101970127,0,1,4,2
101970124,0,0,4,1
101970122,0,0,1,1
101970108,0,0,2,1014
101970100,0,0,9,1
101970099,0,0,1,1
101970098,1,3,14,1
101970092,0,0,1,1
101970086,2,3,8,1
101970081,0,0,5,1
101970080,0,0,3,1
101970079,0,0,8,1
101970065,0,0,2,912
101970061,2,3,278,2
101970060,0,0,1,11540
101970056,0,0,1,1
101970049,0,0,1,1
101970046,0,0,1,1
101970039,0,0,2,1
101970027,0,0,3,43
101970025,0,0,5,10
101970021,0,0,1,96357
101970018,0,0,1,4080
101970017,0,0,1,1
101970013,0,1,14,1
101970010,0,0,2,12140
101970009,0,0,3,10288
101970002,0,0,1,1
101969988,8,9,87,1
101969976,0,0,1,18008
101969973,0,0,2,1
101969965,0,0,2,1
101969947,80,102,2174,139
101969933,0,0,1,1
101969931,0,0,1,1
101969914,0,0,1,1
101969908,0,0,1,1
101969907,0,0,7,1
101969901,0,1,4,1
101969900,33,38,301,268
101969895,2,2,11,1
101969878,1,2,32,1
101969877,0,0,1,96357
101969876,0,0,24,1
101969869,1,1,2,1
101969866,0,0,8,1
101969815,0,0,8,3